2081530
4776
14823
7914
2647
14705
2900
8133
10301
14474
10361
7179
10227
7253
9026
13070
12300
4939
9983
1650
5846
9490
1616
12028
12908
8724
12019
4170
4281
13293
10050
13920
8975
9329
2668
2642
14381
2598
3494
11892
5719
7410
13966
13123
15067
991
7796
1620
4130
8785
11520
14909
9018
912
6869
3714
11318
14993
3715
14894
4028
5325
10421
13737
3047
14553
14738
1582
10026
11324
3436
3906
7904
10595
9854
12024
12652
11160
3223
5273
12365
6879
984
5366
73
5463
12342
8679
369
4347
1228
13607
8220
4773
5557
14424
430
10593
14205
3170
9284
13473
276
12988
1627
4475
11109
12619
14472
8427
10648
3267
10904
6002
8942
3789
14545
14591
5267
7919
12645
9268
10732
4899
330
4107
6752
4641
8408
2773
3644
11535
14209
955
12869
4219
13304
911
189
11621
11620
10363
4543
10191
7571
14438
10505
4039
2161
1218
14726
6803
13345
10418
538
7492
10375
4026
9497
14052
9191
7915
5790
3575
4196
1847
3001
479
1572
13489
13033
14776
2916
14342
3335
4578
6744
10221
4974
4676
7182
9503
3141
4625
12086
14846
5975
10005
217
2925
344
6758
1605
12087
273
728
4564
11880
2158
5035
7177
5549
5272
14047
5234
3903
3737
11623
458
14331
686
753
11042
4047
666
12649
9040
14046
13992
13130
13221
14440
2123
1324
6038
11376
3061
6952
13017
12495
985
11327
12940
3094
9787
7769
5871
10564
6128
4987
3355
4895
8342
4871
14718
5731
6819
5544
14312
4806
5496
9572
1216
7620
12665
1905
5504
11156
12758
11346
13454
4272
5086
510
699
12748
971
4252
12202
4884
9657
9372
13308
3460
5909
14343
6645
10076
14025
14366
2152
4495
13256
10064
5507
4885
14195
11702
7698
4510
13939
11071
6417
6608
1239
3776
1924
3359
4355
5369
9709
5238
5402
11736
929
4767
10048
554
11251
10721
11316
7993
14723
8455
11363
1604
2673
7441
14430
8993
3945
6370
5585
11960
10899
437
11967
11094
6076
1596
11072
9780
13727
8693
172
1179
11065
9801
11540
8793
4758
14403
992
11361
6526
11345
592
13416
3317
1750
9964
2411
3782
6921
11597
567
6875
2050
8681
4549
748
3700
6785
10382
4360
3365
11937
7648
13463
8288
14190
7417
1543
4446
14038
5821
4731
8928
12630
12443
10451
11102
2365
11756
2041
13000
10834
12831
11356
4547
1659
7211
8815
14827
6863
621
8603
6888
11754
8545
8493
7707
7133
3720
13898
8119
2024
7895
10771
11180
4753
4533
2503
2607
7031
5853
2378
5878
361
5054
2605
10192
10992
10590
3266
5961
6985
4891
11138
4757
6991
9043
8095
11161
9878
4749
14254
583
13253
12528
1161
4087
3625
4746
4730
11630
12779
7418
9044
814
12666
6462
124
4177
7504
9001
13697
14996
14634
3873
7305
5235
8637
11231
4708
13189
9452
5789
13131
4922
11131
962
15
169
3659
14739
5977
1323
1822
6657
9269
6821
4809
1601
6189
5779
8299
11806
8410
11128
5930
14421
13233
6773
4693
6768
4683
12851
6778
14766
9550
5031
14621
3069
4762
9392
6517
12701
12979
13575
14562
5465
4726
12475
1061
4968
9807
11701
2832
13553
10231
11397
5166
9320
6104
9442
392
13887
15058
1657
3068
11721
2779
2323
14297
10790
8612
12386
1000
5335
2407
12879
464
11574
6747
5041
5147
14065
11148
2554
10588
14345
1468
7447
2318
5569
7388
11829
13610
14021
11654
10039
8091
1945
11017
22
5271
12291
10926
14669
2398
2438
3384
6893
11996
2259
6141
6268
935
4091
13432
11250
14589
13634
5542
2356
1129
15017
2319
695
6072
349
2536
3010
11769
47
10103
4927
13779
9948
12434
13403
11982
5743
809
13710
523
892
5079
9330
3008
13719
2351
11247
470
12623
6
6119
13287
5193
12784
171
13329
235
3738
12417
12855
9127
2302
6928
11717
8744
7
11117
3763
14624
1662
5475
10121
5165
14750
5967
12814
4888
4545
6101
1090
2910
4306
6967
4535
7906
542
6095
3677
15049
15100
10600
6705
4728
13592
6698
9949
2708
5347
14285
11758
5973
1478
3558
2192
4099
7767
5242
5279
3056
685
5877
2004
11516
14737
14824
13659
599
12047
227
2148
14497
598
4142
14568
692
3029
10032
5727
3060
5207
4096
14769
11393
11019
9750
11252
14768
7100
1418
1238
14849
6490
9591
8781
5124
9544
1609
4295
11271
6317
2730
9493
1947
11664
5110
12638
9513
6503
9514
7949
12431
3820
863
2905
4869
9354
3163
11655
4964
15008
76
13630
6476
3821
6126
4468
2096
5757
7766
1549
13971
1759
13736
433
14745
8979
13846
5394
5546
4675
1065
664
13799
7848
4025
3691
2522
447
8139
2996
2508
12178
11413
7162
1110
6386
8122
7677
11184
11975
1264
13141
13415
12728
2038
11617
3661
11241
11446
8308
402
6651
5803
1573
9099
14678
3730
4174
7371
2843
12194
12322
1481
9147
1077
13079
14070
13036
3481
6055
14616
6672
14801
1700
1719
7628
1164
1272
6382
7128
5577
3550
8309
3278
14487
3976
2617
4800
12335
10260
13731
6530
8422
3309
13951
5596
7666
4681
2913
7235
13770
6514
2535
12380
5384
14952
5983
7662
5881
2618
1194
1970
12890
3005
2471
14239
3442
3454
8844
4269
1520
4388
6975
9736
11460
14559
6362
10911
337
2237
3006
877
6027
11396
9433
4046
6683
1723
5248
9304
4687
1288
5901
1689
2896
2788
6325
15107
12384
1396
14185
12800
12742
13307
11716
3753
7878
6771
7077
1344
9683
3748
12455
14820
1111
4070
10829
13738
2443
14916
6788
12454
6584
8471
5931
1979
5226
6767
14574
1417
14368
10892
12688
4887
4154
10939
5322
3973
14842
8433
10888
9843
13803
1413
13568
12453
2331
5340
2355
409
9023
4328
5875
3306
8062
2482
6632
10184
5357
1174
5929
5750
1491
3801
2408
7517
1176
607
13323
33
13760
5528
623
648
1643
6829
8140
7814
14413
11545
4363
7389
8123
13914
12241
1400
9213
7361
14791
5120
46
12242
176
14365
12332
2845
2423
2478
650
3381
14617
3646
2381
142
6000
1836
11001
2817
2176
5907
7673
13954
12590
3014
3018
7105
596
7381
12226
5002
6372
5723
3243
13635
12336
2199
7605
2095
10007
14393
13026
6254
836
13203
1035
10147
11401
4426
1720
14018
9877
14045
9499
1480
3951
7899
3380
12238
2604
14063
11021
5705
3304
5737
921
966
3000
6488
10659
3337
14067
4462
1432
3535
14429
13577
1951
11594
5044
9162
14053
5608
8517
11525
6267
14777
8798
3438
15003
7968
5350
9485
2428
11700
8722
10302
14707
1936
15007
14921
13375
12663
3719
4393
12870
11077
7189
4143
10138
1059
9489
10792
8209
14853
14869
11978
4979
12832
5804
9182
6845
416
11570
5188
6238
7856
543
1124
4311
6754
4645
2993
13440
11705
11743
12716
6710
11628
697
10599
6345
13688
13728
12573
13412
5997
6213
6870
3881
1022
3330
14442
3187
14992
12172
1712
6250
12333
10180
2307
6912
14265
7301
9187
11217
7285
6227
12669
1808
13384
2958
11588
11961
14663
9133
11622
2502
1581
8402
1223
10560
12346
4140
13597
7255
14410
12736
11521
1778
12192
354
10040
13407
13918
4115
3079
7397
5427
808
2663
2246
3401
1530
7337
11878
1027
2151
13780
7251
8009
14878
8034
14786
8047
6231
2308
6468
5673
13347
11414
2294
2610
7416
4931
1130
14799
4350
5713
3896
7682
3066
10428
11864
7481
2221
996
14151
1685
14647
7990
3935
1167
11403
9240
7763
3416
11924
12208
7185
7994
5749
9253
3841
8050
7049
1536
6766
5314
13162
6709
12023
398
15004
4320
514
13967
10426
4576
7690
1752
7131
11294
3546
754
11121
3282
2812
13931
5631
12126
274
11966
14850
11528
11529
924
14272
14242
10612
7588
678
4822
13672
6835
12029
13614
11976
4261
792
6990
1675
972
4198
9535
5241
6247
13613
7257
12878
13986
4880
14783
12502
5822
14024
12289
3476
12647
9048
1918
3885
811
2065
8726
7788
2290
7059
7138
7368
4956
12307
10222
13791
1624
13996
13677
3761
4271
6841
4112
11980
12804
11016
4698
12371
5825
9319
10323
14973
11955
12898
7951
11137
2739
12236
14681
4853
4296
12648
4812
1446
8666
10486
1971
8595
2594
8725
9534
11760
2393
14891
6857
15053
13666
10728
767
4416
8905
8320
5799
3580
10526
1776
993
14873
13972
11219
15040
6458
6337
8903
4008
1755
11358
3477
4508
6262
11680
1875
1456
4528
5280
8599
7442
12597
1243
12761
2253
1904
6153
8706
8955
14654
14557
8054
11703
11994
13009
1270
2155
13447
1123
6518
10137
6094
14967
4896
10140
2406
1311
11092
8158
14237
11530
2033
13410
2210
2656
7694
13963
11351
6883
15041
2707
1566
2099
13632
8214
1009
6275
10465
6261
12459
11473
8580
8581
1912
2612
6123
11105
769
6248
917
11240
75
13008
8444
8051
6311
5117
9075
6867
5809
9146
6366
14581
14980
687
6251
8064
10641
13695
6730
6957
10501
11028
2143
12625
8156
981
7798
3538
6557
11571
1242
6505
8362
7655
10506
13295
13810
4565
12933
2409
7317
6954
8516
10019
2576
6081
5778
6400
12002
10975
12264
10169
11020
1020
7801
8974
8248
14300
14872
14925
1681
3119
10518
1914
3425
13448
8302
11595
3406
9085
4581
10461
2977
4327
14279
4194
3993
2110
14519
7458
8569
14502
3686
12897
1332
4165
11973
12618
14915
11029
2575
9076
15083
3466
3611
3610
1068
11423
14789
11648
11959
4378
11949
2794
12900
5872
6209
7020
9217
6872
4825
9211
6323
11239
2399
9394
280
8195
2304
11947
3461
2510
8319
14282
7178
1613
7889
3891
9152
10654
1908
7084
2268
8719
7900
9064
8076
7258
969
8038
4990
1571
1042
4823
8902
7602
6826
10617
6737
4606
12304
12837
9609
10898
14646
10475
3377
6538
1058
12266
4303
12203
2187
15002
2789
1982
1625
6053
6245
12574
12310
6978
8108
13173
10662
10417
2586
12839
2359
7825
14974
1981
5676
7894
14966
8662
13921
13615
6439
9016
8473
13801
4873
6935
14790
6971
4073
1208
7995
5852
4193
804
2834
6721
8430
2256
5848
5480
4636
11619
11348
6058
878
3136
249
6201
1688
3015
3281
13459
5037
10091
2780
2719
1583
2982
9861
14215
6749
2665
5786
9424
6176
30
4945
4558
13595
2164
360
11220
11652
1998
10799
5834
13150
7249
14839
2763
2623
8150
12013
10798
10133
13379
15012
6969
1915
2759
11349
4282
10957
10800
10802
9131
14460
11765
980
14273
4401
12698
4186
1431
13674
14268
14771
4566
10661
2548
8088
3648
12084
740
1830
2282
2104
9716
4332
7073
10782
4294
11837
1642
1768
10645
2081
6583
4356
8073
14322
6733
4325
6272
4298
11690
13314
2298
4238
10362
1392
4597
7139
2420
10293
13248
11836
6582
14898
11291
2360
10110
13769
6723
4560
13319
3358
1032
11075
10551
4470
9079
8953
7600
8566
10653
3164
2069
1563
1560
11627
10797
3114
14641
8067
1909
9347
1619
11764
2445
191
11513
903
11815
6340
12186
9297
3475
1352
3492
7868
9472
9340
11076
5177
9491
13332
788
9348
6544
5424
8147
14465
6753
6844
13294
4685
13202
8146
9623
12041
11463
8442
6717
12527
7277
3835
8056
2141
6565
14481
7938
8021
12367
4530
3396
9610
10291
11470
1044
11694
12565
89
4905
13322
8012
8249
5805
1551
5772
7433
14954
7821
8823
12142
6277
10630
2815
10502
13302
4195
14002
3120
8827
1952
3370
14901
7583
12329
12204
1359
9884
14226
4407
10895
9552
13937
5835
6114
6098
5440
8425
14441
14274
12311
11061
11787
13804
9349
1917
10242
7804
8504
4658
834
10132
11894
8131
5991
7276
8819
6715
2726
4275
2262
6970
7575
6539
13413
14841
13844
1580
1741
12485
8876
3509
8325
12496
12640
4837
10351
5814
3123
10533
12829
4540
10570
7043
14822
12873
10213
2170
4166
14939
11171
1387
11058
6221
12224
10369
12633
5752
1365
3875
1568
8354
9342
10477
5580
7722
9615
1556
723
9418
2501
8492
14200
4710
10513
7681
4700
9867
14583
8431
1405
3893
6219
10326
14999
7696
11783
928
9003
14843
12632
6220
10049
9596
496
5856
8983
9395
8824
12497
3858
12025
6588
8658
4808
14363
13061
14249
8611
7643
10419
1397
8987
1475
6542
4200
8154
7880
11
15073
2811
1436
7637
10660
10534
8936
2107
3683
2045
7231
2699
3423
13142
5764
4818
8074
9524
14867
986
228
8136
1645
4036
1588
1156
6804
130
3791
4777
13185
951
9900
5028
6707
3364
4817
6353
9224
7873
1438
11205
3316
10398
8676
12807
7777
5915
539
3180
8677
7639
1441
2013
11386
3615
8600
7539
4246
7265
10656
11755
11674
4696
14418
11411
15101
487
4550
10183
6891
5159
8255
3902
4699
13764
8988
6846
4795
4493
10436
10078
12686
622
3360
4162
752
7641
12309
15064
13016
6980
4689
5709
2593
4331
9054
9032
13309
248
334
10416
10558
4368
10186
6276
7785
8933
5808
8488
10391
13043
10118
10340
12205
4228
15071
6833
7180
10512
7121
14697
7145
8982
7046
15066
8718
5828
7565
4168
14212
13213
11865
581
12149
11200
7913
11608
10831
700
7842
1786
5831
12265
2597
1793
7883
7306
6858
6924
14414
14462
4184
3673
10636
14784
7658
15078
10626
10378
14420
7845
12604
8099
7293
11751
2609
8259
15110
12370
7374
12533
12164
10601
12543
15048
4815
5292
11174
7908
14926
11062
2179
10543
7733
10984
8414
3630
10591
7732
11708
3117
6823
10956
2134
10031
8565
14844
2775
2689
15079
11480
12101
13271
13264
4632
1715
13935
4233
3947
8041
10532
2691
4191
10699
10500
10364
4338
2316
7327
7645
4906
8782
9628
5815
7691
1180
6324
8120
10572
1584
12861
8852
11362
2424
13700
14706
9985
6316
15077
4410
2017
11763
10358
7143
11753
10647
8670
10973
10664
8247
11718
13197
13262
5634
11515
13135
14736
1380
6290
292
8910
4489
1310
8830
3725
10467
7513
12561
906
2379
11691
14889
10240
11249
5932
15068
11534
10690
10943
4171
1690
10410
15069
982
10638
2163
4297
14175
4211
401
4677
8508
6983
14896
2467
7918
117
12781
1634
11157
14968
785
14323
10390
4207
6740
14962
4611
2929
11941
1221
14227
2590
10038
12935
7450
13968
10924
4629
2745
12207
14805
3011
13477
14062
10046
160
8791
8230
5121
12473
1934
14781
13970
3680
12944
12945
10942
10594
4650
13631
2306
725
4456
8239
5390
904
12088
13823
826
9568
12943
8149
10176
10695
1178
2094
11289
9015
10979
4521
8382
6273
6274
5818
8027
5858
1932
6263
3523
13010
2390
961
6032
14198
12231
7855
6477
147
7110
9150
1066
5917
6968
3884
5855
1300
1963
8556
2572
12017
4457
4147
10104
1848
6249
6355
303
13658
4897
6369
14305
11695
5414
382
5847
265
2281
14605
12462
12953
11268
10658
9920
14332
5622
12811
14970
4239
8954
2255
1500
11194
14443
1419
8053
14751
6953
10651
6843
12433
7048
524
10494
14698
850
2581
12867
11903
14511
6904
10530
11732
12422
13051
895
12641
7439
6860
8449
12946
4810
14092
14504
8657
485
11163
1440
10154
12564
3007
13138
7229
9045
8453
1466
11826
2254
4688
7359
12440
2125
7313
3917
14217
10004
7808
2167
8118
14289
1880
7535
9336
950
7776
12626
14720
11747
10175
7107
6206
7986
4302
12864
7755
12511
8996
9511
3635
4280
14893
12848
12423
9898
1358
4747
4799
5658
4537
8503
10598
11965
13165
2585
6796
10635
1004
717
8783
14135
9366
2186
2494
14933
10319
13773
7973
2633
12875
8400
15065
8655
8090
2851
10437
10000
7176
7832
13111
11381
3727
7831
2579
11929
13355
10496
625
13811
1460
13424
3418
3480
15084
2600
938
4400
8004
14397
8395
8152
440
1369
8832
15103
13258
15027
2595
9033
3116
2667
14704
10498
4801
7572
367
7907
5906
1644
11958
14498
1102
5529
9896
11795
10547
5612
403
2790
1893
12828
13367
3415
656
4520
4678
14174
1661
13608
14238
12181
44
2463
5607
7616
11022
11204
8417
13754
14011
6178
4120
13790
14320
13812
4616
12733
3067
11651
3296
4965
5708
901
7324
78
7466
8821
8419
13449
1800
14028
3002
14439
9502
34
2126
5074
14596
14483
1906
3318
12098
4972
2999
4492
4126
68
5692
1443
3609
10962
4985
4978
3870
5249
11246
5278
2727
746
12159
3391
5189
5998
1931
5999
5602
2637
13641
6670
7474
1346
8792
13149
3166
12097
8307
1817
460
3175
57
12915
12068
12000
9164
2964
13406
2755
3389
816
2735
2459
10815
5413
835
3678
14073
13604
790
6633
727
13411
13983
10628
10236
8607
10449
1930
79
585
5284
1899
8103
11099
9754
12237
5392
5541
9430
8387
12584
9505
7518
9584
10423
8059
7850
5571
890
635
12984
5866
5197
14860
4997
507
11481
14702
10814
7581
12826
7367
3333
7765
1248
9496
8257
14484
13993
12599
12345
8446
8134
12956
1591
10204
12782
6069
7865
12801
12667
11150
7857
14050
2040
6181
7425
5111
5406
11261
3948
14259
12558
630
8523
7514
10406
6020
380
11145
822
12222
3878
9313
14417
499
5547
5077
3153
53
642
8063
13593
10420
1762
10068
5286
1420
5582
5051
14056
8234
3012
777
4552
1142
3131
9585
4110
11580
10167
7319
12246
7607
2005
2902
10187
6118
7345
12430
7661
11683
5807
148
5149
5599
11518
2175
3387
2614
817
1361
11715
12727
9486
8237
1632
580
230
11767
627
10106
1544
11519
4079
1958
14826
8304
2484
13405
7030
13702
8380
14529
9971
1141
8512
13998
11415
371
3280
7879
13782
7407
10998
5530
9889
3193
894
7876
14232
14284
3197
14401
3777
8460
5400
6180
8941
225
9172
14280
10352
3503
5518
8052
11637
1673
5067
10644
4995
5452
14379
12163
5933
13487
6398
1047
14293
8071
12278
9580
454
2754
12294
3383
13081
10011
4152
619
646
2553
5619
606
7786
4993
4017
5167
7997
10008
963
10023
1495
590
10504
11175
1953
6669
5590
3185
12526
14313
5053
1550
8439
1303
13900
13062
7670
7325
8889
13977
11587
902
5146
13644
12720
1215
9907
7687
7336
2429
5970
504
11808
13643
4907
11067
2376
5747
7654
6380
13699
638
7927
5456
652
6017
8028
3315
10665
2491
5606
12760
1792
10597
7653
12759
8289
6010
7652
2493
14375
13788
2291
846
12948
65
14362
6679
1600
1790
5411
5412
9166
12461
14485
8920
3443
5471
1028
3432
1523
13932
13694
11888
1301
12427
327
10824
9959
1150
815
3134
12924
8435
2446
1219
6253
8971
832
3149
566
260
13605
5115
2875
12171
4029
3016
14814
12914
12578
14813
13439
9753
5109
2353
12551
13513
5865
13478
2921
14524
7740
2483
1782
14602
3314
12978
419
8671
12444
654
5085
1459
70
2710
763
13179
9020
1341
13080
1138
2418
781
11146
988
6725
13103
14409
9088
1502
4491
4497
3855
7430
1135
4293
4900
5971
14785
4435
1713
200
8683
1861
7598
4872
5882
12768
5984
11851
3645
4113
5135
3020
7268
919
131
7478
1069
4568
10400
4637
13571
13144
11761
8366
702
10745
15014
11501
8929
6703
6892
11223
4635
7109
11181
2769
9215
13104
6436
14651
2746
8015
6019
1390
4998
10108
13234
12317
6973
6866
13628
1629
8438
10527
13980
4299
8043
6278
13653
13124
14798
5303
9089
8187
4240
2244
8596
10535
4654
7112
4395
6464
8024
4599
9318
14690
8037
3397
10723
13433
8036
4315
782
12954
10331
10618
10312
4227
4213
7392
7586
2101
10961
11368
13638
6270
11740
8039
2676
8529
930
4595
1389
14994
8042
199
1449
2193
1845
2724
13611
8834
13107
13106
11417
13545
10371
4502
13991
10141
2299
8761
8184
10131
4507
8474
11158
4647
11927
7901
8057
9246
11056
4609
2348
2387
4633
2111
7942
10828
9066
5874
6911
14051
5113
1109
1477
11224
2333
5134
10396
6377
3101
6885
1522
4653
4439
15009
3838
810
14636
5978
999
9122
4989
192
10674
10210
1497
1364
7215
6154
11226
1217
6298
9117
7119
10766
6401
6620
15089
4160
548
8033
4251
10583
14437
860
13990
14972
11402
12721
9144
10142
1972
7297
6485
8737
6755
4210
13678
1097
10207
6321
10637
11590
5317
10902
5116
10965
11818
7153
6260
12660
14645
7225
849
10958
14333
247
6438
10160
6724
772
13751
6478
8621
11428
12056
979
1799
15013
10384
10129
7148
12595
7352
49
825
5794
579
10791
11298
6571
6510
2819
10520
11472
12876
14161
7797
10789
10322
2477
9100
10478
13975
4627
12281
13886
10401
10925
6296
12955
7728
13190
2276
4631
13110
4670
8197
7347
14032
13675
5950
2130
7079
2574
7867
5770
13745
6865
8748
2263
8116
12175
5633
204
7480
4579
13259
11803
6437
4570
4623
7064
7609
13602
6702
6322
12643
844
6200
11116
4526
14731
11164
13391
10519
4881
4215
11579
246
7141
7838
9103
5781
4214
1586
8530
11963
13640
8391
12471
4441
7273
4354
8179
10929
4102
2784
4883
14981
3441
1678
1781
11284
6899
14494
10884
1686
10311
1330
8682
7483
10555
6736
8243
8743
4651
6757
5859
1374
11176
1333
14034
2652
8089
3458
3822
1890
10146
397
3479
7065
11644
11956
4324
4901
6855
2352
11995
1356
2340
4263
9353
9002
13299
8031
3402
4904
12845
4661
7102
4664
5393
10155
9021
7216
2988
6242
4010
11486
4190
13979
9169
9337
13365
14719
15036
14851
8186
7196
201
4665
5876
2105
13099
2454
7689
756
10812
1679
7743
4461
3809
14732
8589
14757
7656
6216
5908
10489
11196
12221
1233
1122
5806
3431
2289
2753
4844
15006
3003
11857
4851
14006
8013
2118
1227
14787
7272
12762
6232
1367
10161
4326
14991
4443
8412
10430
11843
1226
4886
4478
1815
14228
6559
4268
14770
295
9195
291
6291
10145
3755
11090
13089
4575
12662
3548
6332
4069
3717
4591
8594
7159
10247
8644
5534
6229
6720
1501
14398
5252
1071
12772
10466
13988
1322
8097
13915
8018
14544
11977
13725
11917
1804
12642
1851
4525
4452
272
4649
9014
9113
12546
10473
2160
9102
1996
10209
4574
8680
363
7090
13566
9326
6756
3805
14730
2233
315
4226
3802
12717
9194
8472
14971
4811
14760
12050
11195
12481
859
8515
4449
7066
4943
4983
1055
3430
4833
9255
7937
13098
9143
5782
8969
3660
8196
3752
9986
7601
1552
1267
5766
12820
5426
1489
8314
2991
9105
13612
12096
710
7579
4042
13633
1036
11970
11733
8837
11954
14964
12085
1269
1368
8409
90
5725
9159
13718
8870
2260
11951
14788
3245
9096
4361
14302
14988
14490
9416
12051
2997
6593
11301
2492
11948
14037
12269
4814
8155
1325
2469
4682
4006
6318
10698
4763
13087
11950
6381
8804
3859
8645
10663
1864
4589
2257
4644
4187
8948
5989
15061
14831
7840
13246
12157
4593
7930
5038
9873
3658
1771
11078
4335
6282
6472
4118
8010
2091
2781
8006
8029
10642
9095
12849
2080
2086
3448
12877
14271
1999
7635
4603
1283
2093
2196
4323
1810
8101
11462
3662
4780
12187
12295
1773
11745
6832
368
11504
7795
7051
7505
12124
11421
6236
5483
4838
14425
1105
12857
4729
12153
9226
1653
6399
9000
3124
10759
2046
10685
1295
11936
10405
13462
11329
2389
13354
9227
3920
4230
10521
10574
9065
6964
10676
10652
2217
10120
4060
12677
9945
10571
7744
7688
6808
10633
12253
7974
4769
1286
6937
7566
11862
10061
7386
4784
1751
3620
4735
4309
10580
11859
14549
9691
4778
6691
14104
2224
6775
7495
7567
4697
3041
6704
4015
11280
15043
6805
7561
9600
1710
5683
7053
14182
1903
8434
8549
8463
10850
12446
1284
5522
2859
7905
2448
11913
6244
2447
7282
4267
11771
4137
7281
6946
13163
424
9359
2476
6210
6910
11490
8820
1212
6395
4596
15044
2421
9357
11320
7903
9302
12552
13460
13312
4977
10614
13069
2338
11074
13662
10868
7144
1611
9538
718
13461
8688
2172
12182
6861
4949
833
3921
4667
14102
3577
8816
7099
6859
7042
12621
10237
12563
7011
9512
5966
8251
9398
4702
8592
8117
10646
6820
866
2580
7963
14203
6889
4634
14661
14943
6001
12127
7502
7543
5992
5780
7638
10100
15076
1213
4750
10542
14234
9283
6252
2736
7723
6729
4980
7008
2189
6354
9206
4618
12276
4605
4464
11781
13298
5040
4571
14758
13376
7163
3828
633
7093
11493
14202
14204
8851
8913
11230
12555
2010
12111
12556
1379
2119
7318
2990
13647
8030
4562
11757
15029
3811
2206
3846
218
6489
4359
4587
6281
3847
13297
8334
6732
4592
2596
3744
5976
3827
12396
4638
6294
10491
6264
4559
3593
8912
1496
1775
8981
4548
5342
6212
2762
709
476
11692
12288
1525
12744
1747
2180
14220
12865
12165
9335
7568
8660
6901
13327
10010
731
4236
5436
6739
7582
12572
13466
13301
4358
11625
10299
9517
6459
4890
7853
3731
7649
10711
12868
13044
6999
1579
913
9883
7186
11875
8502
8652
11706
11079
10408
15019
13714
3039
2475
3796
1739
6604
2137
4610
14080
10981
14987
4628
4279
11598
2725
9114
1211
6205
10303
10232
1772
3414
197
10234
13326
2591
9407
198
7731
2116
8188
7574
10380
5199
10735
208
11478
2651
3722
12220
2468
14802
6224
13303
14855
9197
10584
6592
12369
14868
9328
316
215
6741
9107
10001
4116
4898
9251
14900
9291
9245
9285
309
8143
2998
321
14875
9250
4612
6598
12494
14917
3736
2064
12749
7692
10332
4932
4334
4348
8218
1349
6605
10914
4005
9092
7800
8315
5343
5180
400
2392
12730
9155
3808
13311
907
11968
2930
13090
8868
13877
1919
1516
4862
10536
12770
5175
8058
12049
8668
854
10855
10853
5477
282
7279
1351
14815
10733
308
593
11728
1633
9158
284
5857
5833
8112
3987
9244
1451
10149
1798
12313
4659
6763
11827
359
8898
3634
10310
3453
11943
3543
2203
15091
1072
12131
13670
1372
5793
7283
3904
4622
5836
2219
12821
9872
7787
9387
5801
3419
2309
14703
12695
7704
1857
5262
13277
7193
12466
2866
12519
3506
7762
14270
251
2987
8242
11422
12493
10488
7479
7891
7326
1088
11984
11398
2300
1229
8436
4849
13091
11962
14060
14296
12200
7925
14534
933
3694
13212
5662
14066
14319
4103
12850
6873
5840
3901
3900
10821
15028
7754
6348
6595
5948
5533
5425
2931
10235
3649
1820
296
7206
7836
4189
15082
841
13950
12827
14928
14261
11817
7127
7774
5090
7772
4642
14976
6874
9219
7132
6424
14321
14927
8588
696
6795
14892
8240
13265
2039
13715
12833
5089
11165
1168
2403
3868
14005
6880
13092
13676
4322
4569
7296
4861
820
1375
1680
5625
8129
11447
905
4845
2115
14318
14876
2173
6824
4813
14919
8105
2485
12100
14960
3537
14918
6347
13911
842
4877
15081
1660
12094
14920
5351
2496
780
6876
7854
6533
12191
13657
4506
4149
4768
11416
5526
14852
9515
202
8741
7085
9292
14881
4217
2072
7742
6466
14874
7391
13824
10546
8211
7221
12803
2234
14277
4370
6418
7923
2426
3874
11245
3898
13651
8945
14884
821
1933
14870
3895
1850
13339
1319
11922
778
7309
2761
14882
11288
4394
6933
5539
2138
10126
7773
5315
1317
1377
7018
13616
2388
4915
4451
10820
5914
1557
13063
11296
3692
3834
15056
2713
547
4585
1075
2729
12143
12326
1901
10507
13691
10777
7333
8615
11225
8016
11159
1517
6397
8454
6606
14811
14965
8330
6208
3701
11860
8553
14246
3876
4216
10976
7116
3651
12764
13807
6211
10446
9071
10577
8086
11495
6018
10318
1021
1858
14997
6460
5532
12819
4582
13102
12375
11254
8121
4141
8044
14278
10162
1811
7149
803
7291
3856
10339
10336
15037
31
11591
6996
4852
10200
4245
8181
12388
9599
205
6457
9093
14248
4312
7424
13060
8526
5527
4450
4465
15046
4614
5767
2232
1561
8930
14680
8045
1499
13031
10552
1949
4948
1452
4902
8078
4646
11577
7261
4155
10387
13989
8333
4671
207
7650
9222
13795
2322
6840
293
1787
5765
7464
7217
958
14930
4031
7955
10881
2573
2505
7104
6434
13085
12385
8496
10480
4397
4030
3421
11487
196
1172
6545
10528
4114
7263
8519
4657
6761
1900
1408
11940
2313
6519
13649
7837
13383
5949
4655
7284
2606
7081
6802
6731
10974
4620
7254
11974
12659
13343
7316
7897
8219
4878
703
10801
1366
7135
2279
6463
10487
10613
10216
8999
8212
1386
8440
12656
3883
10786
14286
760
8678
15011
8810
10523
12548
2287
8338
10650
6854
13276
14907
2208
812
14329
11449
3749
12325
2669
10139
8297
12912
5372
14756
11227
5047
9492
1347
14890
14298
6202
1225
14674
8348
14538
14845
4396
3500
1966
7647
8614
4588
4376
12368
7730
13922
11221
12901
252
6853
13976
13656
4398
6203
9086
7311
195
2106
4866
7778
9488
5768
12280
2740
11285
4583
4600
1320
14902
7393
1187
13978
9243
15093
7089
5769
609
4648
12210
10308
14652
6751
10117
5898
12937
209
771
3863
12020
10152
2795
10218
1407
698
10953
10413
8098
4372
4438
15085
12842
13997
6619
8777
12880
1746
10294
7270
13981
4237
4148
7710
212
965
7264
9498
6334
12622
4960
9204
2380
12977
9083
13267
2250
12916
3886
2103
6995
7608
14013
779
14914
8092
13600
6762
7488
3833
2272
12158
3836
14251
7256
1834
14162
12769
10164
6908
2385
13696
12279
4584
6825
7207
11193
8035
660
10724
13220
11646
12361
12947
9316
257
11653
1132
8210
6335
11057
7676
11993
6475
6671
4542
6532
918
11012
7864
5630
2659
9254
12256
2312
299
10643
13890
916
12465
7111
4672
12596
3534
13218
1471
4834
10102
10220
10174
13965
11991
3426
2278
12195
1770
6597
2451
6950
2349
6467
1154
1853
7680
3446
13029
5036
7870
14493
6566
13930
2325
7070
12830
3606
6486
9078
10655
1074
13086
6792
12605
11693
6930
14924
12306
14975
6336
2311
1245
4933
4402
10109
1140
2653
1363
7001
4277
14792
7275
206
11055
12835
4639
10287
14688
1978
6521
4572
8869
9151
7612
9091
7299
4539
7192
11788
7094
8145
13119
10640
2702
10510
12862
3723
5157
12553
12554
8253
7017
10857
2265
14247
2488
4188
7835
88
4276
7815
10334
10497
203
14667
7050
1769
13292
8650
10960
4379
12523
2578
7360
7775
2716
13397
10190
4518
4577
4865
10744
14456
1774
4602
8862
2292
10250
194
7459
9087
647
10233
10750
1663
8697
5107
4841
11392
1067
210
14854
3624
4601
12424
10178
6746
13380
9130
11538
2136
1788
4333
12296
12729
1801
3528
12092
9601
7482
1911
7516
5868
5672
8055
2876
438
11869
7190
6329
7195
4882
14447
5099
14808
2332
5810
3295
7154
1472
14264
10883
14727
516
14679
10761
4715
12356
5870
8084
4546
13350
7219
4445
2264
5081
5080
8838
848
8672
5240
4556
3099
11496
4386
12116
1862
7015
12048
8901
13953
8080
843
2277
14675
1926
12340
6745
4619
6416
3818
12030
13003
9501
13275
11272
704
13889
10403
9626
11115
10123
7233
9500
4247
12362
2791
6484
12339
12043
14338
10964
4563
12894
11744
12732
7320
6856
2830
8046
11536
14263
12418
6902
6982
6981
5792
7816
11919
12702
7485
10386
10963
639
11407
9059
4387
13289
9338
876
12177
5711
8731
14649
3403
11618
661
12786
6750
4630
7120
1378
9027
13097
13028
2297
12796
2415
9028
1597
1479
8182
4469
10710
7573
10730
10359
2622
14670
455
6396
947
11427
10938
1576
11820
13961
12817
7931
9072
13985
806
6624
1602
6722
1302
1835
10796
1546
14029
4567
9024
4734
13034
1458
4598
1540
7493
5305
11027
13280
4254
2273
9025
13805
7234
3650
13238
12316
9905
6198
8952
13822
6511
794
9506
12934
4613
7585
2741
4580
14054
9157
1946
730
13821
3462
10886
5290
14912
5330
8700
12790
690
5070
14317
6759
4640
4524
1354
11258
813
8379
10822
12887
14357
10541
11228
14262
11719
4075
13290
12196
4153
86
3375
7597
11684
7230
13806
10458
13059
11824
12438
4501
5755
11918
8825
7982
2248
12039
1548
9594
3037
3084
797
9960
8106
12600
1784
9494
3135
13235
1060
10036
13969
10818
2142
9954
11687
10394
4973
9495
61
8397
6331
6358
2721
5775
10056
6048
6837
8765
11475
9154
13588
52
2895
7220
7377
11560
1967
1860
10682
11831
9185
9186
2479
8294
8295
5395
13324
805
2071
3106
8437
14775
9521
793
7212
12926
3689
4714
10602
1764
1994
5678
2938
11631
1577
948
12655
5106
13125
5
13995
12198
4305
8085
10569
7981
10188
12389
6226
4460
5854
13027
10631
8704
5349
9522
10928
8392
10470
5430
10629
3527
12806
11270
9910
7898
8836
7945
14594
11805
9890
7013
1709
7330
8892
6196
5323
945
944
7203
12805
2293
14547
7372
9593
530
2899
2537
13747
11562
4868
14558
1898
4503
5894
1133
1506
1508
12374
13774
13587
9629
5693
5324
7117
7118
2245
9136
4500
7114
12918
3115
7113
1589
14389
931
729
1805
3656
9881
7202
750
4092
2088
9199
968
10073
9581
13962
6096
1948
14575
9875
12682
3553
898
7869
7232
3103
2728
7394
1736
11726
8001
5879
8111
5281
1175
6682
389
3681
5647
840
9904
2858
145
414
5889
7362
8638
5409
10014
4720
5261
2063
5626
9958
7082
3334
5341
2792
5087
3179
2766
7012
3174
5535
4204
1362
14633
9743
12469
6589
261
10615
3104
7298
6742
4615
13443
8767
5362
5171
9139
12228
9153
5302
13263
10522
390
10309
10919
3083
1462
5187
10603
3082
1237
5399
5275
807
1984
1173
6922
1507
6743
4617
8126
5304
7387
322
5434
6696
14595
9909
6491
6033
12372
12911
12892
5152
5182
11821
9621
7678
572
5675
14044
3573
5632
14816
14848
525
14648
8762
1703
14354
8763
7172
5819
6534
10586
1590
1806
5181
5123
413
4992
3816
14435
1240
4706
10105
2954
434
14010
9263
7158
13219
4222
509
14416
11575
14525
8701
1503
1641
10030
14351
5986
12230
3085
7271
1592
13011
5065
11688
14049
5892
5550
5176
5885
4836
12737
4870
8631
9165
5974
9603
1350
5145
798
1748
3439
7303
3647
2371
60
2657
12575
6307
2085
9094
11278
388
5883
10807
8738
11599
5068
5294
2649
13266
14638
10069
14213
5102
6365
2758
14267
1910
6279
461
8316
1621
5114
13257
3887
4232
11517
3390
14344
6652
10955
8070
45
789
13701
8367
10627
14673
5104
831
1777
11650
11429
10905
791
14245
13665
3894
14847
14597
2722
8305
3936
13101
6474
1594
13236
5098
13321
3100
799
2377
87
4733
1614
12624
1859
819
10054
4192
5075
9566
13012
339
6266
6389
11737
975
13096
7169
6359
3747
2228
9578
8573
2108
2711
8617
14812
2073
14518
11533
12018
6289
14671
12651
2822
8768
1360
521
12917
6097
8766
9223
5540
5899
1785
9592
3498
2427
10051
10996
14372
14055
1985
1988
2655
6255
7580
12161
3511
13548
381
838
11589
1403
3332
1674
7989
10719
13758
7847
14287
12505
7338
6044
4561
6727
12644
12429
14307
1464
12982
9112
14623
10941
3687
12983
13825
2419
2625
6887
7592
5276
10999
10127
9247
7494
9412
9724
5131
8475
3934
7858
867
4063
7669
5105
14385
2650
5536
7331
5178
7390
13192
3685
352
3800
1254
1019
2928
6578
9595
8470
7929
7491
8740
2154
2109
3165
13693
4316
2171
14580
891
5138
10517
4586
2800
6675
12987
14394
11033
23
10098
10074
10803
12500
5195
5378
1486
11302
11666
5397
12757
7515
13594
3510
6955
6368
7665
13660
14728
889
383
72
350
12197
12282
2372
11532
1737
4209
13739
8032
5071
531
1505
5893
1637
4994
2765
11539
1631
10090
12579
9560
13576
14857
12089
3113
1094
6005
3869
2383
12906
1735
7805
4453
14546
13030
14361
1950
13756
5988
4952
3107
14990
5283
4607
6738
12419
5078
10024
10994
1676
5439
6677
14807
10029
11108
7659
5200
2640
14507
4711
13973
9956
10720
14426
683
2907
1482
3769
5605
3890
741
13609
7957
2543
5873
12715
9170
11064
143
1117
3946
684
10582
3321
365
8505
13748
10783
8536
6074
5738
5954
11643
914
8525
8072
12525
11512
11524
9944
12913
12044
10592
560
6193
3172
3159
9579
7335
9160
4248
13436
4083
6194
14548
3144
11087
5944
3294
10037
4016
13404
14480
5052
14433
7312
4553
9862
8528
11997
5990
7332
11275
1235
9606
5245
233
9587
4498
11489
3160
9167
14383
12718
5277
64
7589
2162
4076
13626
5293
1559
10657
11699
2709
8290
5521
10788
9903
2334
13946
9966
8061
12292
2793
5066
10918
12932
12589
13757
11000
1391
6187
10795
6376
13428
14061
6585
3982
6192
11015
6558
13772
12838
4472
9074
13671
8690
7038
6333
8388
9303
2813
3246
8538
14821
5318
13621
5206
12560
4089
3192
12148
14861
10931
14288
6009
12450
4958
5597
10737
8857
9705
1606
4145
3990
3322
1393
5488
2121
14644
2818
8710
9239
6410
11004
177
14888
12487
4223
897
6838
7083
3150
5097
14315
13712
2544
6026
7103
13244
6548
14527
12078
9410
1837
14064
11008
14352
1636
14359
1401
14978
3713
14477
4704
3137
1457
14887
14281
13959
13603
6207
6918
973
5137
12232
12753
13481
6827
1345
5869
13955
5136
2286
4235
9957
4484
9229
5466
4821
2261
4707
5316
7370
1997
774
14364
1465
9504
3102
997
6734
8692
11216
10440
12714
13193
4604
11541
10954
2437
12046
8293
163
1841
2113
4490
8204
1326
3980
6864
11023
10230
7259
824
2330
91
13346
11786
10765
14164
8593
9876
3627
11024
6228
12722
14653
12825
829
9145
6414
4509
7726
4621
5985
14539
8601
10885
1648
14913
920
8079
12843
223
4934
10680
11526
2756
12244
6455
3899
4643
15080
10450
10575
15034
1252
7363
12277
537
4243
8571
3842
13174
10181
7156
4573
11366
14871
8005
1844
7966
6546
2473
14163
2320
6406
770
1683
6240
13711
9022
12740
7214
7140
6199
6237
12081
1136
11509
3732
15032
1510
10578
12160
11295
9090
2782
10725
14482
320
9148
8040
7686
1975
795
364
2082
1348
10197
11578
2760
12512
9055
10459
8384
7789
8077
11830
10712
4504
6925
4908
4590
15090
6442
8066
1920
5787
11610
14762
7209
8684
13283
6446
15030
14959
7044
7902
13426
10556
9053
8443
8779
10701
1976
7489
10568
14957
11367
8923
15015
6728
4624
14810
9082
4479
9168
13776
8518
2417
4270
998
13399
7184
6465
11828
10360
2235
213
5820
5783
13121
13583
11572
12344
10611
14838
6834
7969
13279
13752
2814
10675
10402
6839
4523
10130
1902
12542
4485
12358
4448
6636
14244
4185
4440
2456
14014
4220
4666
8065
9627
13156
7061
14911
4218
2786
667
6509
3054
6046
2737
13334
7469
1439
1687
922
4442
13105
1797
4385
2499
7415
11454
823
8060
12544
2570
6553
827
10548
3817
14411
10490
1567
93
14877
15026
7252
4594
9081
9507
10122
10481
263
10539
6718
4608
7080
7802
13475
4133
6886
10168
13159
10678
2066
1029
10714
4202
11494
11613
7954
1684
255
14432
2731
5591
11645
13325
10576
7274
13627
6454
7912
12290
3502
12895
1829
915
13994
13549
14910
14809
9598
2391
11586
830
9149
4307
2057
12343
7052
14650
3949
9177
5355
11312
6735
4663
14635
1373
11992
959
10156
10128
11253
2284
15088
3404
1846
14689
14774
1043
7917
10365
1535
8552
10116
1334
1299
10683
4437
7570
4161
7067
12834
10201
14772
12472
721
4828
2114
11297
14977
10429
7194
6906
8241
11323
4156
5639
11068
66
8014
13716
5951
2932
13260
7790
13427
4436
8699
8413
3478
5353
14513
5091
6243
13661
13261
1779
12168
7941
13565
12818
2321
15033
7039
67
5467
776
6407
318
8087
8947
11292
10639
13024
3933
5829
3897
3751
8514
9289
5712
5391
8082
6712
4098
13360
12099
5791
6919
974
7200
12608
11925
7160
14632
818
14252
12670
8124
10474
10529
10158
3399
12824
5718
3493
11789
3435
8306
12270
7356
8809
2305
10119
925
2582
6716
11983
8698
5308
7322
12844
2247
253
3471
10006
4086
13389
9333
10057
7171
8451
10585
28
3459
7210
1677
1608
10016
10632
1553
11026
1935
10937
10034
12036
11616
14358
12040
9611
5739
5076
3110
796
12492
3741
3746
2140
6951
8394
190
6726
7174
13109
7947
3570
193
9084
5904
1307
69
456
6034
10021
6049
3536
4874
1555
3398
2067
12274
7999
6215
2314
6031
12035
8075
9108
9612
12923
1450
12815
6084
6714
5243
5244
13435
12893
11871
11388
8735
1433
1670
12919
6600
1547
9604
12712
13472
12992
13402
7967
13252
11615
1796
4330
7041
3862
801
2891
14560
250
5900
4967
12240
1954
6760
4656
2283
4345
7822
11742
9128
9542
12130
13759
2295
2626
6435
1795
417
4538
6428
10616
8135
5192
7170
10432
9352
3992
10622
12823
12620
9510
12696
12699
12773
77
11399
11609
9561
13792
11668
9908
10623
2661
3055
14584
13195
5905
7983
11063
11790
6748
4626
3093
12381
13317
95
1526
12452
12925
6297
6235
2923
7470
1518
6312
923
12456
5179
13689
6131
14337
10017
94
12166
9963
411
92
5987
5208
5209
12884
173
1494
2752
13746
12437
1682
1732
1545
10993
7429
9866
4536
7420
14886
14817
9922
8572
152
9350
1554
14639
13574
2821
12922
9965
9557
8998
14642
5943
10195
9586
3073
14687
11891
6070
8590
10708
9962
14588
10692
12065
6004
3688
14721
1031
9565
12931
1034
2384
13895
10111
2627
5746
11636
13084
14339
14222
3918
9571
12034
410
121
14258
1990
9929
10033
14818
2382
12921
10516
9955
12997
4957
1692
5100
6288
1635
1504
4652
3142
14336
5256
13974
7473
1376
11720
11431
11144
8576
8742
3551
1447
11981
1509
4680
5941
10409
10482
10722
10671
6594
1731
10095
1467
2628
5887
10015
14640
12229
3750
7004
11546
7591
8110
7115
4557
6456
13245
7060
9961
14685
13438
9562
12402
12930
13108
6487
3882
14229
13741
4555
13037
13385
14348
505
10027
10439
12928
11565
14326
5611
9556
14324
12920
10894
9911
14341
1965
1964
14008
3740
14325
14691
7799
5408
7948
5288
14328
14048
12754
14436
3444
6836
5429
4976
9563
12927
10053
802
7827
4205
3231
13216
13217
11794
10826
5403
12885
9163
9912
9567
12038
5377
5274
9564
3202
11581
9868
9590
7007
7939
6304
4313
4314
5710
8083
800
3173
12650
7577
12594
5740
12550
29
7328
14373
6453
7729
1623
13547
5891
1598
6862
13222
12929
3089
6052
529
9228
6713
3734
11141
3146
3860
2249
9351
11106
1638
14058
5896
8381
6239
1490
10022
13916
8554
11629
9569
7849
4719
5103
5141
3544
13035
8132
6030
3665
6241
11542
9923
4794
12373
13032
6265
13949
522
6068
8917
11096
7383
4859
2658
14350
10596
12442
11592
3312
14057
4203
12989
10709
14353
14260
6411
7885
5733
5371
13960
12536
9198
3311
5897
9860
13570
12140
14349
9047
3382
9296
2703
9068
5000
4988
8081
1126
4737
5039
10012
8233
13546
7584
10781
14625
5635
7208
9558
6327
9583
1562
762
7455
2704
2328
13420
3997
6555
8510
6686
8537
8509
893
10825
13901
2531
11469
3196
1607
13783
13709
4786
13421
10215
6515
14536
393
2826
9996
9930
9940
1038
4004
9582
9698
14947
1181
12678
5761
5185
8835
5219
3525
9851
14734
4935
5972
7548
13095
12022
100
3566
9747
3204
1484
2820
3292
5129
6945
8696
13507
13703
3825
4903
11559
11564
12664
6684
9776
1888
1725
5643
13227
7683
11812
11548
4984
5695
2239
6073
13240
4975
13393
3775
14235
11910
13584
11952
113
1453
9179
1955
3058
10666
13065
11506
8189
6415
14666
11406
1253
7932
14110
3013
3526
11638
2915
559
11796
502
9138
8861
694
12968
757
1977
5364
3290
5156
617
2967
10257
2873
11641
14672
12432
480
8507
3657
4916
2405
5578
4201
13862
12327
3148
13094
10987
13713
8226
13474
4371
1488
2995
722
3168
11048
8194
6554
5442
11097
3343
8153
6616
6426
11445
11010
14159
14885
11582
13722
6099
1693
8479
1519
12637
8895
14415
13241
1086
3457
4422
13431
2933
6830
14883
7507
7250
13876
2643
119
7526
8924
649
11025
5503
4278
14072
5170
12009
8350
12709
14475
5231
14948
14448
6159
4488
11009
12179
14125
5844
2433
8000
6280
1962
3851
4377
5621
8845
1
13732
3004
9995
12789
1422
12416
10094
13422
13456
2269
8390
12775
5001
6129
8246
1079
11502
3706
5313
2362
6113
14514
4909
13536
3540
2839
313
2854
511
14780
3787
1012
14139
732
738
1018
14735
13720
13841
11797
4842
1423
346
9225
20
5461
12378
14194
1424
14019
9553
7122
7398
3240
3743
9823
8372
13114
10767
5963
11045
6941
6003
2994
1524
11603
2804
6419
2803
1152
164
12211
13205
9938
575
167
658
6148
2844
13476
1182
8623
14004
475
13580
13486
11046
287
3279
5441
5843
8464
11665
12377
12376
6158
7092
1246
13642
5555
14607
12853
132
8558
9625
2920
6948
10949
714
6170
1166
3707
7003
8847
8157
2801
747
12506
5232
4926
2827
13368
2375
2339
9385
15021
11350
2516
13682
15022
2343
11277
13704
12957
2696
1155
8002
180
11696
11738
645
641
9978
7544
9719
10936
12053
5763
3767
7344
12213
12052
1207
3130
14565
4936
12403
3653
3583
12080
8432
9287
12003
13333
11989
11550
13681
584
1780
2670
6014
1626
7922
3721
3033
1533
14879
1370
13093
3184
6125
3972
13002
12261
14864
11070
135
2396
4362
3772
14216
14116
2367
10739
11901
2715
2686
3975
749
5229
9751
10845
1872
1487
14069
12151
12777
7610
1894
9208
3156
13400
8848
5796
11602
13826
10284
5454
8557
10047
7419
1313
13394
12899
11053
12407
8769
10649
159
10838
3849
9885
12752
7025
7824
11673
7839
5336
9976
5458
13957
406
6184
8159
4835
11207
4082
14121
9775
12783
9811
8618
14172
6130
1316
2001
12490
9936
1521
9733
3524
9813
742
10968
5629
14310
10096
9069
11385
4262
13534
7071
14510
4893
9690
13543
5046
7500
2518
317
14486
1889
13934
12967
2825
6551
1153
115
3768
2927
739
13496
8267
11262
1434
14744
4544
14803
7168
7562
101
114
13022
2084
8458
8459
989
7323
5246
13483
14347
5912
13373
7499
2922
9798
1539
9439
3470
10354
6639
3275
2435
4946
9858
3263
12723
11300
1070
5337
3244
12488
12776
386
2550
8604
6408
9777
10080
7587
7724
6708
682
675
8324
10282
5959
6175
10278
11036
4041
14334
9760
6393
10041
12810
8347
6501
1230
11370
8279
12809
1089
7576
10485
5042
11360
11037
5945
3034
12201
7668
3815
12091
12719
14512
11339
1425
5826
10189
12006
267
12059
12064
6145
2009
1195
5802
6613
384
10862
11333
14330
10672
2526
347
5508
12199
14717
6151
2879
7057
4429
11971
4121
165
10554
4043
10325
4403
7076
3919
9288
10566
4850
734
12859
11626
6078
2941
4032
14748
8885
3371
6939
671
3853
4480
10858
13761
4206
676
13067
11335
7125
7672
13777
600
1190
977
10206
6086
375
4963
12405
4807
11776
6909
6204
13907
7188
8643
3888
3434
3339
9643
13491
615
11604
873
13453
2940
12516
9805
11051
8925
12206
9941
3303
9646
12070
6045
9701
10425
14127
14434
10107
13401
3455
10381
1013
12629
14396
4473
12004
13581
3504
5762
13127
13679
10562
12173
10208
6502
7373
6093
7355
1913
6259
13762
13495
3795
2397
14419
325
13388
10687
13398
3350
681
3230
3991
13387
14555
10193
2842
12227
1099
2519
11484
13987
5927
10072
13599
14390
3465
1828
6174
557
7002
4745
11282
12766
11044
11243
9110
9633
11523
3552
1649
10748
591
3521
11800
5233
8578
735
4199
8771
1824
4427
2855
12731
3636
10258
10681
2911
14020
3030
4516
11334
3151
536
13395
11662
13721
12428
5048
12007
328
5742
2937
10321
9855
12223
259
13369
6596
11866
13524
6284
451
13866
7074
13045
9749
10424
13392
13077
13242
3238
10346
9463
9369
7950
14905
343
5368
9651
11921
9261
8329
13494
4023
8647
14862
3253
10211
10909
9282
306
6481
2018
8407
3154
2014
5017
12611
8276
14936
13014
10986
14660
12390
6328
6637
12896
3239
8180
11344
6654
595
10377
11426
13113
4512
868
568
6994
13342
10264
10460
2509
2934
1169
104
4961
9998
3810
9200
9119
10159
11522
13201
1929
6071
3803
14683
9236
11373
13207
96
14572
11186
13864
6233
9286
1704
12480
5239
13501
9755
14068
5013
10290
4432
5258
2924
14576
8833
8534
9822
12174
1883
2680
11569
6177
1876
3594
10163
3595
8268
10066
3507
10355
6663
459
3463
4959
10579
4454
15059
13606
379
10412
6676
9763
2944
532
5715
1856
11600
9692
13046
13503
9111
10081
5784
8871
5817
8173
10780
12501
4955
6634
10860
3892
546
589
11085
10509
1696
4864
2133
1087
452
3629
11772
13541
8303
4458
12634
13423
4391
13591
1024
12355
13285
12981
14795
13794
12996
10115
13284
9632
2132
11425
6157
11881
644
872
10296
110
3668
11459
7525
6621
10245
13076
358
1296
1006
11908
10688
8283
3708
13231
13408
6680
3449
12995
3177
3879
13519
5061
10553
9647
6591
875
10913
7660
4431
10252
1706
138
13933
2863
1722
2373
7198
13559
13146
8893
2061
6286
11178
2000
5045
2809
14600
4197
5921
111
4925
9933
10967
4894
1870
7636
6989
6075
13881
3098
9121
14458
11222
1879
13525
9783
10018
269
765
13819
12150
8582
7533
2027
25
6042
11890
12606
6107
12293
13705
6108
956
6109
2506
6628
6535
11686
9808
13532
3139
11337
8916
13514
9734
10779
7547
3138
15105
5247
10281
5839
3188
7756
12483
9030
2831
4337
8723
9935
1409
5260
4554
1298
10697
5648
12631
3376
5956
3158
5015
5034
2918
270
4541
14708
10263
13829
12010
4164
2701
3698
736
12188
10065
6429
11584
7521
10077
1940
1942
12413
6087
6015
11011
7741
11002
21
11583
8026
3518
11907
5666
9602
11430
1987
9446
3261
13753
9793
2327
2533
12093
8100
12540
5211
11741
2266
5641
11442
8881
7651
10316
10226
5716
5714
9616
13928
1603
6814
4796
11034
2520
8351
289
15097
853
14601
6774
4694
6344
11283
7353
1819
7477
4033
6898
13908
11852
1209
7069
14451
10871
11060
13132
5513
11464
5552
8624
9644
7380
10693
12750
10849
9812
9279
3572
9454
1599
6283
3394
11330
11452
7106
3601
9972
12966
3367
5665
6496
11640
11873
5319
3953
4923
6137
12145
3427
6136
14592
7958
14001
12287
3190
3515
5685
13868
3105
13348
12756
12012
3962
5396
11819
12681
5476
14316
11657
13856
2146
11135
9803
7155
12147
5617
3209
4062
8203
6769
11466
11049
5576
10563
12073
11471
8959
11833
7569
3205
6112
8478
10605
12965
11553
12538
3754
11729
10085
9280
1177
13869
11953
1832
9943
2568
2823
254
3783
7181
5519
7402
12268
126
7022
2970
11685
6013
13809
10608
5433
12693
1473
8963
4150
10830
8336
13153
11451
10684
244
899
3225
13470
10736
9363
11555
4151
2368
6689
5935
5497
1871
5237
4855
7553
14479
9927
9063
5646
9837
5981
3133
14207
453
14761
9838
5360
7959
5823
3025
10920
5285
12216
10867
10734
13100
1308
2631
9630
10907
882
4135
43
2212
8377
9870
1718
2422
10754
8428
2097
11855
10874
3501
11724
12420
870
9744
186
6378
9702
8891
14603
9401
8716
12673
14797
12347
14700
4911
2888
3562
1574
7980
1084
127
3599
3911
1196
888
12539
3198
14710
12974
13636
14759
11554
12557
15063
14210
1198
10249
693
10348
13749
4970
3652
9098
3798
229
5687
3450
5057
9420
9739
13485
7693
10813
9874
12635
9817
1537
11809
9703
9400
9588
13273
6011
631
11394
5133
11352
4938
13909
12470
11556
8202
1668
12545
2031
13833
2783
12425
8378
9631
8760
14120
8313
12400
5688
1669
5359
6531
6931
5415
12122
14166
12225
7449
490
10811
14604
14598
6161
3928
158
12507
407
8879
12503
2271
5459
11942
2889
12154
12882
2346
12247
2629
3086
11005
3217
2458
8222
9666
9707
9402
13313
7984
11601
6499
2632
14150
1578
10165
489
10852
11552
7792
9537
14391
2258
10476
8130
6409
6573
6431
13585
691
1268
6064
2636
7631
9555
10262
8850
9462
12075
3147
5064
7091
9339
8490
4343
1159
8790
1794
7921
150
9680
7596
9386
6903
2465
14590
14763
845
6580
8858
13557
6387
11566
976
9474
6907
7340
11014
1763
12517
10035
3497
1542
13853
1652
9545
2007
8800
8822
13318
10433
1766
1249
6357
14627
6106
7369
4482
2157
3407
4090
14117
13560
6842
1162
1738
2648
2908
9017
11544
139
10561
1983
9029
8520
1767
3081
939
1865
3271
13601
6881
5073
14983
3861
6356
1617
11199
7010
4037
3023
8499
3877
4105
8894
8986
10304
8703
1802
3590
2797
3369
2798
13556
5218
8323
6361
7496
8860
486
144
11853
4122
13789
14773
3499
2386
12735
12706
3095
11611
13418
4123
12881
12883
6132
14577
8125
565
5942
9445
9790
8818
2498
13917
7524
9758
9432
4136
10344
4481
14537
3569
2474
864
6610
13442
3224
7934
6612
7157
3191
1995
10877
1765
14945
13083
11661
13884
10125
10241
297
14832
949
11166
6425
6882
13237
8541
9635
9355
12112
706
7564
5003
10769
7936
6168
6784
5661
5960
5684
13797
1928
9469
7201
7527
4286
12155
12449
2527
9451
12448
2529
5263
7844
9720
5222
10997
14165
12787
5996
14084
443
5375
11660
1823
6550
8713
9850
5509
9479
4021
13620
5443
13742
6079
5640
3514
1116
1023
4505
5007
5431
1863
11885
1986
1513
14402
12486
9405
1721
9713
9704
6688
5339
883
11840
705
8633
2462
9773
12360
12359
5952
8511
7476
13505
10089
6060
12144
7928
6427
6246
7538
719
6693
8500
8370
19
13857
10707
12601
2481
6493
14835
11438
4024
11543
3915
9846
9360
881
8944
3222
14240
3912
9932
8340
8789
6666
1285
11114
3914
128
6134
10075
1867
13766
8685
8755
5771
9934
2551
7531
9819
4847
8497
10609
7555
1210
11412
8296
2750
12615
14170
987
2310
6230
12692
1760
4340
9212
14031
298
13214
3035
9248
6787
852
1382
2242
5523
1304
14154
7354
8355
8935
7812
11727
9218
11190
2787
12532
300
5689
9256
10878
11558
7166
657
8191
10751
8839
355
9914
7075
13409
3589
1821
6444
12909
2926
7862
7623
5728
11404
957
6895
9926
3326
6897
13929
11267
3541
1430
2058
14395
11018
5027
2903
11561
13637
219
1426
3671
6777
4724
3674
14138
12132
7859
4044
10288
9706
13793
5072
4390
2432
14938
5525
5524
3262
6413
8609
14564
5462
783
9699
2495
13744
9434
6430
12136
9761
2630
1454
1265
12387
8880
13858
13874
13708
370
11098
3379
2413
10679
4181
3626
12337
1273
10705
7633
3289
4229
5566
6850
4182
10347
9404
561
6421
6135
7365
6103
6293
14716
11013
2829
1231
9915
8906
1297
7290
10718
12739
3063
481
11671
8190
8318
601
2577
14492
5707
12846
9137
3178
1261
6537
6441
13836
3348
6450
14137
13947
10275
10922
6932
6342
3045
6185
10279
6603
9484
14863
14554
3771
13208
9205
626
13523
11899
9770
669
9118
14495
2350
3931
10013
14111
12401
288
2100
106
3839
9622
5498
3840
336
1527
9325
11341
13382
7302
6649
13964
10991
10285
3189
8542
11043
4420
4684
3704
9619
13499
9658
6926
14250
14290
10357
2374
214
103
6560
14145
13813
7029
14586
7711
12072
10933
7037
8019
3654
990
8224
3227
55
6630
462
4690
12726
8926
10343
6146
1232
13007
465
8669
8254
12170
5407
7036
2569
7685
4040
11448
14157
8702
14444
8826
9916
9888
9252
6896
1753
4341
8349
9665
12771
7247
12971
14903
14895
10253
4876
2150
1622
1461
3265
7916
13885
1137
5545
8915
9011
6661
3996
7528
9573
7630
12071
8326
6622
6195
3995
3214
12411
15096
3298
8375
8344
14457
768
3848
9634
7622
11537
9937
10328
12167
1839
6574
311
6122
2909
7329
5270
13669
5655
12031
2712
14517
11912
9007
9005
12518
7888
10835
3203
5389
62
12104
11931
1241
9856
9012
5255
4919
9924
679
13497
594
9882
9008
3258
2864
14142
3090
9821
7606
13502
3539
5311
6120
13
940
9816
12535
14840
7940
1757
9887
10267
9176
13849
13518
12067
8564
11279
8563
3850
3491
9782
8927
491
290
11371
14158
170
555
2034
9980
12962
4721
8165
6360
14233
140
12549
2828
11441
12998
7634
6092
1427
5563
8667
5567
11663
9687
3287
4234
8932
12066
13880
7556
1444
828
3327
3
9721
6936
12725
5297
5445
4104
5474
553
12991
15050
2552
9058
3587
329
5774
10882
9543
13905
11059
6662
1541
7506
14367
10670
3096
9249
6043
16
35
11273
6218
12785
3614
2190
6121
14779
1658
13629
9806
1943
1944
12963
4863
7985
13785
1255
10775
4259
3048
11498
12949
4132
7218
3974
672
345
9042
8487
7346
5837
2720
8842
14466
4854
578
2363
11770
3299
5348
1511
3865
14949
98
5201
123
11798
5679
9607
6665
5928
14126
1305
2436
10093
1163
3242
9188
2434
6997
970
9010
264
11762
9009
14753
9207
2394
3329
10042
12910
3468
761
10846
2852
7760
12015
13552
10370
32
1476
13956
13455
10055
2675
4066
286
9019
14094
5925
1724
1107
941
2700
14360
7979
1474
751
9057
12318
9891
10686
468
9459
12489
701
8383
4917
5216
14664
8665
3505
8127
5699
2530
7530
15010
8973
2904
2370
8160
8280
3682
13021
8695
14488
14130
14643
4054
11162
2948
7461
2810
12011
2541
14711
12802
3078
3490
13527
2951
7366
6402
1185
10256
5922
9062
3064
9104
13468
1340
1337
11679
168
2950
4515
9902
9668
3218
1045
5494
14346
11191
9038
7675
4392
6016
673
12566
4336
8886
8411
5228
13535
4860
3866
9189
2056
6330
8730
8951
11242
2869
6285
5600
220
5911
2956
1428
12404
8151
10948
4418
5338
11904
14112
2431
13848
12710
7629
3496
102
13843
10356
13352
9331
12397
3201
3582
14152
4048
3843
7944
689
12233
1385
5938
6687
1353
8301
13178
9824
8960
11568
1699
4511
5450
10869
2893
1115
3581
8539
13137
11450
6972
1336
2401
9642
7300
5169
3338
10268
3675
5010
11387
11235
1049
5331
5953
2490
1263
11084
11856
3077
4319
9697
5205
12180
7640
14551
9399
3065
9374
9659
12482
3632
7173
10840
9547
11444
861
7646
4129
9548
3097
2280
1831
10
1980
11100
1463
8178
2457
5616
13133
4101
6133
3336
11264
2444
8048
2062
9274
11920
1165
10716
5645
3969
13004
1052
4405
8491
5955
4352
2008
13625
8856
7794
8244
1654
6572
14615
8610
10300
9257
6993
6884
13177
2439
3194
11777
10385
8406
7975
11101
3467
13180
5468
7988
3437
10003
11119
8787
13873
7034
4951
12464
5691
3628
10194
10373
9968
5644
11938
5910
1529
5268
11734
6529
13883
8205
5435
11902
10153
7357
743
14969
13664
6173
9865
11893
14550
6420
14035
533
11467
3512
9975
13058
13088
9653
7471
14022
7026
14214
13282
3697
6479
12994
7991
14155
13781
4519
5478
2285
15087
9220
9554
8371
27
10900
1131
8991
1939
1694
5296
13351
946
5560
11118
3285
12243
11508
2747
1057
1813
4144
9508
399
1250
936
5457
12521
10289
4344
6040
11182
11647
12936
2252
13344
6082
6083
14223
3031
4127
8369
3328
9814
9455
8524
6144
2587
14782
184
6470
9471
10550
6171
8469
8606
10677
2880
3274
3484
1514
1224
7183
5939
9624
3200
5063
12791
14382
10182
5895
11642
1148
9973
8855
9839
865
6039
14098
312
2881
8486
9836
9470
1222
14446
5082
14686
1672
3452
13578
3519
9437
12412
9393
9684
8938
8965
1114
7062
5449
11678
11149
13860
2345
12324
58
10483
2267
2274
10906
6172
9969
6309
3145
332
10330
5309
13550
1073
2059
9764
8343
9435
14036
7350
5132
7486
2243
3009
8337
7791
8489
10313
8207
7532
7098
11710
9180
6035
7618
15098
6447
6587
442
7747
3373
12874
8332
10540
10320
14033
9990
8069
6614
13445
6568
4744
5266
4966
4755
14609
8904
1343
1891
9725
527
11310
9992
5058
11672
6563
12586
6320
12037
4256
7884
1256
839
9652
5609
1091
6561
13926
5798
1076
6681
5642
1144
2588
2748
9673
1531
1565
1412
12303
2301
13341
10435
837
14454
857
8859
7054
14552
5940
42
7617
10875
11139
8899
5756
2705
378
396
2981
14309
9939
6021
3792
14587
12045
5143
12363
6156
2796
5724
85
7817
6674
1010
6373
8360
10774
2412
4430
636
11633
6942
2354
9672
9382
9853
9483
13872
4255
2003
14016
4172
14071
3854
1742
14078
5236
7468
7421
405
26
14224
13692
540
9533
7818
8883
1538
6690
1833
14206
10879
1007
7019
11585
4920
5979
13451
5735
1008
6986
5701
13441
6423
7881
9677
6374
3208
1082
373
8128
5667
14118
8753
10978
6678
13734
11035
953
3349
7056
13188
8462
7191
7123
10324
11492
9859
7978
11378
6556
14219
10414
6384
14445
8137
8093
7784
7342
15018
7040
13457
11307
6480
12530
5191
275
8561
10832
1201
3786
8962
9942
12395
7238
6522
7237
9181
9411
6877
5969
7497
5888
4231
1667
5220
7860
8172
7512
11050
12684
6697
7780
1001
8712
10770
13796
11889
408
8934
319
10349
1030
1921
1866
14408
2296
9375
9842
10219
1728
550
13984
13830
13867
14119
1247
8890
11405
2706
7501
4551
4007
7434
1756
4910
14566
616
14143
1398
13204
5903
11066
11573
952
10764
14793
8174
11173
9982
13544
5358
10787
6627
2461
11236
11799
3944
3998
8465
14800
14836
954
1873
8331
5184
1331
5548
8784
4487
12299
7793
8641
314
3591
12499
10870
8714
2666
967
1192
13176
11551
11395
3907
9864
5980
466
9637
9356
391
13906
3908
412
324
6577
13800
3670
6102
2545
3320
3207
5108
5677
8759
2558
3690
887
14371
1083
4924
3557
8717
10045
14804
1383
6798
3621
8022
8215
7358
1961
6609
3026
12774
3561
9636
4921
3910
4250
582
13767
3592
2366
8373
2317
1435
5254
9314
7351
3608
9035
14095
3618
6363
10070
10071
5730
11127
3283
12129
8138
14122
7016
7621
11210
8141
5553
12366
6694
12305
14631
153
8778
7021
7976
8758
1098
4384
14956
10333
10002
310
14665
6066
8608
8931
4760
6440
11759
8206
10124
2894
1791
11634
8405
2341
5734
9056
11576
7068
9031
943
1610
6525
3985
9549
13450
14453
3488
3286
2251
1329
9073
6379
11780
5374
12393
8754
11203
12813
3310
7457
6139
133
6319
9481
8506
2802
7126
9346
5332
6028
13650
15086
8365
632
3374
12985
14124
3232
9546
6562
3643
6029
1840
14327
9408
1575
146
1532
11547
12349
13363
7953
11202
10092
9281
5422
6965
605
11006
13484
1816
6469
9863
7871
2335
7701
603
573
11007
1803
5095
7721
351
9332
14197
8450
10940
5125
1528
2953
7295
6022
7213
3366
10239
9306
1727
11353
13834
5227
9373
2336
11557
13648
14567
1907
444
3276
10921
12414
13771
8374
11003
226
6569
5264
12531
6549
5813
6385
12338
5500
2738
8551
9617
10604
5514
14626
8796
6497
3937
13586
11914
2326
13469
10969
394
2555
8943
8213
1923
6520
8359
9341
13429
9453
9810
9061
13896
14088
11507
8426
2441
8389
1146
12054
1342
3040
12118
9717
4447
12509
10295
2785
688
8535
1309
11111
8972
1193
7803
2952
11778
12234
12235
8177
8176
7307
3340
14543
9994
7308
12257
12700
11567
14961
13564
2402
8897
7028
1277
4056
10196
11129
2644
6375
2824
12176
1937
13904
3545
14144
11255
4109
11946
2534
9413
9726
14593
5361
9520
7487
3487
10372
5312
9519
1992
745
9034
9210
12262
5520
10549
4342
12275
1647
14612
8096
5148
12323
11269
3307
12298
5531
7614
10873
858
3954
7343
6041
6976
11309
4009
331
13897
8532
9487
5671
1783
1993
1279
3549
4131
7376
2589
5265
2500
5306
8990
3574
12133
14958
9987
10484
526
5994
7033
13340
6719
5168
978
13269
12628
12657
10988
9141
9974
6790
2
14833
5538
185
720
13419
3956
3871
12271
13854
5356
14017
6008
3241
7863
13232
896
1041
3108
11256
10565
2685
8751
7423
7613
2060
9871
1046
7727
6923
7248
4499
6313
3206
5291
14476
2480
13893
9036
13814
9004
6012
12351
643
9124
9174
7411
5130
3699
11483
12312
9778
13596
2841
6111
1050
10934
14599
7401
14191
6579
6656
544
14608
6664
3215
11503
99
764
15005
7436
13888
8570
11707
8630
8270
5618
12063
7456
13516
6878
9737
6067
4389
6765
9762
14076
1388
6938
8481
8477
12703
11841
10525
2942
11711
14109
8764
39
6271
7375
8199
9800
5202
285
8639
11031
6699
3710
2329
9686
97
5880
6138
7222
3831
11739
404
12032
7435
1016
6956
11244
9700
9120
1040
2946
8968
36
2083
3050
5674
1445
14386
5437
7679
6977
4765
3270
13723
8877
10276
8605
9669
302
11040
3325
6100
6527
11455
13117
5223
7467
5505
11722
10261
4991
224
6917
9827
9327
784
13066
2671
14266
1096
271
13827
10841
13851
9531
1825
1421
9238
12613
10395
11155
12014
13274
14904
8597
1315
6992
4424
11082
5851
435
7349
7946
415
2717
1429
13078
3955
10166
11424
14897
4374
24
1100
12107
9478
8228
12767
6167
12858
9794
11499
3464
12847
10144
12679
448
3420
14464
10966
1743
3428
8567
7970
12609
10743
5172
8646
6054
14556
9230
10212
11549
7014
13652
10472
10742
7027
5011
1493
112
477
10668
80
6673
10266
14714
14467
549
8613
13140
556
10205
12415
10805
7484
14940
10806
8357
13115
2023
5924
6383
2816
1849
10297
10244
9532
2442
7310
1002
5398
10113
2513
1707
12319
10148
8115
5797
11839
12083
13778
12697
12121
12106
240
12125
9264
2512
13147
11215
11988
13315
13871
4183
420
3824
3308
9234
11432
2128
2127
14533
13786
10198
14582
9832
13118
9422
4941
11985
14097
12580
14944
11052
8729
12941
500
7321
8185
9184
3237
869
10455
14253
14715
9362
9466
7965
2538
4375
8200
7364
10307
13903
10088
9766
13902
1897
81
8770
9365
5420
492
4459
11898
528
2939
3806
13230
10217
11088
3703
5638
8353
9295
5776
11563
4419
11926
3212
6640
11086
10804
7385
15106
7826
3631
12534
6150
11896
6057
7348
11658
6626
1294
4428
8531
2361
9928
10335
10028
14618
6091
5760
7243
134
13687
13199
11500
14963
11355
6302
11905
432
12391
8183
3413
11081
3872
2935
1415
14865
13623
9190
733
281
13686
1877
6625
14000
7438
8773
13952
8345
3864
1826
2878
13206
7269
7379
221
3236
3323
48
7152
4074
11635
13684
3967
5827
13047
6152
12738
3641
1051
3053
9667
3226
8775
9123
14712
13924
1402
5050
9183
2877
13526
9792
5016
3405
13667
14082
8265
11185
5259
2236
1048
12061
3229
12970
9869
10254
2919
3372
41
12357
307
5604
6287
10238
5811
10859
6117
5554
10255
11712
4055
13816
5849
10393
10861
541
6449
8201
6149
3852
12612
2395
6615
6611
4471
937
1005
8840
13622
14754
9
1189
12353
13272
3111
473
8164
11369
5729
8961
474
14740
6638
162
7088
10172
12146
482
13730
9820
10269
11340
5845
14107
3823
14500
6635
11234
9310
107
3965
14778
11237
1854
6448
14081
2947
10397
10229
109
13239
10823
56
4067
9293
12583
503
2470
4081
7304
13569
3513
2542
15095
5962
40
1534
5455
14208
3140
7529
14314
1251
15094
13680
262
534
3829
7475
1184
8429
7224
9559
2949
166
8498
446
2672
6364
1885
2270
8752
11179
13001
8709
12458
10135
7396
13330
8261
8423
2559
13151
10277
4930
4221
5298
14370
508
14026
13529
5032
9919
8393
8918
14040
136
8727
8694
1306
13025
12152
1355
2076
3088
8888
5923
13169
9746
10669
9450
8317
4003
2015
10947
14218
2660
11704
2992
10422
13229
10673
2028
9049
1025
3344
5744
3091
14188
137
10345
5289
13139
13945
10079
14743
14236
10427
3797
6047
5122
4674
8171
3804
3152
2980
9953
4532
6445
13500
6183
3880
3676
8322
15055
4954
7403
63
3788
8256
10908
8776
8468
7611
3963
10214
2985
1416
871
15031
231
3971
3799
3807
7764
7520
713
13941
2599
7781
4258
1570
3756
9052
2051
8547
6987
2646
4349
11188
1595
14059
8356
11807
4783
4157
1469
9895
597
1037
2188
2645
4283
10317
2677
12889
12581
13191
6960
4304
2226
10136
7146
655
10731
4381
10447
10726
10545
7964
5867
2960
10415
11382
7452
7549
1941
11845
10945
14541
3516
423
12217
12822
5385
12902
5282
10729
7956
10448
4463
5295
1274
14199
4701
1119
9317
7384
12183
7751
13464
10059
11607
5636
10887
11286
1214
7427
7708
10251
724
12734
14099
11089
14077
12447
11746
2216
9977
13040
9294
3724
2853
13842
7058
2807
4792
9377
10063
9663
12841
5506
11437
2971
9132
7718
12255
12541
5026
4790
13938
6306
10097
8049
9951
5150
15038
2886
14656
9802
4740
9431
9757
8628
5732
1125
5663
2557
2561
10052
7695
6601
216
1108
10946
4999
9193
6934
11032
5250
14794
13158
2674
12975
4494
4224
12301
12141
9473
3983
3362
10441
2556
13425
12008
3837
12128
11209
4423
1054
14294
13818
12090
14619
3038
10544
9765
1056
13520
7246
3331
11342
4027
10696
13152
1197
1884
8168
125
6706
12973
8285
12239
8272
9741
8312
9714
5405
483
3981
12474
11041
1199
11214
13042
14108
6090
629
467
2638
7097
10768
11987
6217
14406
8664
11248
38
10020
11274
82
1612
7509
4846
13041
6929
14269
9116
5388
5926
10927
13446
4496
5556
13840
5694
14946
13619
8227
3248
13187
7626
14955
5627
13186
10977
4889
11083
14834
10854
4053
6807
6700
3046
13838
279
4781
6659
14662
1969
4095
3916
9857
3705
12467
2972
14606
2430
12463
9575
13729
3622
8068
4057
2539
8560
9799
10508
14470
11390
18
2120
14459
6791
4756
11168
6160
8163
14523
12258
6162
14101
13452
4321
12399
9947
3857
2002
8271
6110
680
6163
2511
7422
855
12951
8262
11677
9791
3964
2872
10753
6894
7005
12105
8263
8266
3234
9756
9664
3529
7604
372
5502
519
7720
2168
1878
4080
14563
9298
3929
11319
12747
2464
6155
14384
14709
2664
11735
11883
7134
11593
13910
6629
11299
1339
12033
9458
2198
8911
7242
6142
9427
14176
3586
15099
1236
3132
3400
7807
8811
1886
13894
5726
5126
7236
9276
2984
3696
2166
2684
12591
3440
5186
7130
14311
13338
3260
8275
4986
11321
11140
6432
1262
13562
12713
7960
10778
9308
1282
3319
12001
236
2288
5334
8521
7615
6817
4804
12961
9423
4775
11614
545
12797
6801
6452
6349
4752
5024
12272
8166
11152
11172
3213
8887
2466
4673
10890
4660
3522
8659
9640
11357
8853
2324
14169
4514
11047
12798
1204
4049
4668
5083
2974
4128
4928
8023
2487
9979
9509
2455
12286
5008
8750
15060
12439
9358
6764
9639
3324
12576
12060
1868
3182
6326
10150
11605
13414
12016
3830
13482
6927
3766
2275
13437
14141
2654
5610
14611
2688
3017
188
8533
1186
3021
7987
995
5438
7510
5410
14140
1259
8708
11080
3812
7841
10836
3598
1745
10087
4669
5697
1758
8094
14713
3259
9742
3112
8687
6849
11189
8689
3288
4742
6783
11389
7511
1960
8598
14114
342
11876
6685
5543
12302
908
13828
4455
8802
3219
8568
1807
611
7559
15109
182
12209
1191
10286
1968
4662
8978
13310
8946
1414
3909
5164
7933
4134
1292
5682
3556
11410
10756
6536
7142
5203
5758
7783
6528
662
6958
7167
12074
12960
3291
12690
9831
604
3739
14075
13567
9097
11854
13847
4158
3216
9428
6085
576
12284
1671
11433
13683
1134
8480
7926
14115
14134
14128
11895
1655
12457
7706
2969
4477
12409
5444
8642
1287
12348
588
356
12658
1691
618
1206
2344
4146
7961
3785
12639
7971
14377
5565
4117
3483
2068
10912
7734
6063
7498
4830
8817
4000
5937
341
6653
12582
10757
14729
4001
11287
2037
8875
14378
7341
2159
8225
14131
2874
10620
157
7830
7462
6036
10407
8896
11125
2079
9638
634
3709
14695
2882
10837
3563
9344
14699
11266
6433
9379
674
8169
8846
9925
3623
9101
2742
7395
2917
3284
8522
2521
5574
9830
5101
1818
11944
9345
266
4167
10706
9997
5670
3932
6513
1618
1278
663
13784
640
1200
6786
11897
12468
1318
7161
8686
6300
4163
4308
5741
11497
7523
13831
1139
5012
449
8162
323
3666
3961
14355
7866
3989
4831
11259
7813
5093
9109
3264
11142
5194
7445
1938
9343
12021
13471
3456
4467
3664
11813
12683
12410
14941
9804
8636
2030
3469
518
6308
3555
14455
5354
5307
14478
9221
11317
14079
3600
10151
9142
4002
11054
4406
14007
5088
3794
3070
517
3363
12976
10694
9906
10703
14023
9825
6461
4288
3378
6451
431
5230
8269
14473
2043
884
2404
3486
4020
7413
7289
12185
11667
8795
9006
9275
15108
13837
2840
11315
5664
5269
5326
17
4357
8170
1922
13919
3127
5301
13775
6143
9913
6590
11768
659
13049
5838
4
3044
10785
2634
154
1039
8814
11725
2029
5009
7962
9748
9426
3530
5920
2525
513
4875
5363
239
1275
744
11659
2191
3957
11676
7534
4937
1733
12743
14015
11928
2867
6847
6494
8626
9681
1093
10972
5919
1145
9826
9464
11306
5489
3235
6974
1205
472
12212
9752
8967
2486
8616
12959
880
12135
9845
2698
2425
3970
1011
6065
8232
2957
9368
6516
9650
14614
3994
5022
5628
6471
11440
3169
9893
8970
1874
2514
7557
9833
9467
10916
1492
8574
10404
7972
12408
14133
2619
2129
3832
5958
6006
5721
15024
14225
9674
9383
13530
12602
2337
6186
5964
5902
5654
3211
9051
4260
5069
9384
6059
9678
2744
14306
12707
14932
1113
13913
8745
1234
5512
8543
9361
1411
8797
773
12636
14628
12364
8732
13655
9577
9694
3080
12315
7187
8238
8235
8300
3672
5511
11379
4225
12285
10607
5370
9444
3385
14091
7260
428
3669
14693
2743
7828
7896
3199
9529
178
3943
4969
9525
478
8011
8175
7278
7806
12866
469
5579
7175
5333
12675
6080
6182
2978
8198
12441
4111
5381
1814
12215
11305
3351
3814
5084
10471
1729
5601
9679
551
2070
5573
9894
9406
1260
9715
14701
1276
14392
14283
5190
3596
7063
3277
8404
14998
9988
9740
10872
3532
2979
11332
2020
1957
9457
9815
5965
4879
10342
14535
9712
9769
12856
11408
8416
362
13134
6793
4764
12646
2358
14659
1697
14630
12314
8989
181
6403
5603
5720
14167
13598
13554
12394
5613
9196
6339
439
3049
587
3395
9516
8577
3790
2342
6540
5884
8757
5320
4743
9551
4139
5310
11434
9641
3347
5004
3059
4982
6338
6920
1646
11314
7426
960
12799
2749
5005
5128
628
4793
5717
12793
9527
5751
11514
12674
1754
14528
9526
13817
14931
9440
9323
5373
10464
12603
5460
5043
108
11304
12704
11689
12708
5151
8358
9921
7716
2849
10704
6061
2414
2087
6179
9403
13551
5142
2808
10557
12668
11143
3568
12903
10746
9468
12249
2641
9723
6567
5668
3495
10970
6642
3052
14561
11443
9614
14431
4912
1053
10864
2774
9970
14243
7129
5594
9070
12352
8813
1615
6643
1149
183
4832
5453
12055
9381
2229
3729
7406
9271
8707
8992
11281
12705
3927
3057
8749
2460
6508
3074
14160
2416
8341
3155
9528
7563
6618
1455
13488
9589
8900
5204
8482
14412
5702
14211
14578
13802
1112
1585
4100
8562
256
5380
6576
5404
13936
4106
12042
9041
1128
174
9834
9671
14733
5112
10747
2497
11354
8882
8812
8321
6140
13733
10625
14637
1314
3588
1258
8786
5119
9388
3695
3765
6498
13912
11709
12711
8629
5748
12214
3473
8711
9272
1991
7770
9785
3445
10944
13870
12184
3999
14585
14340
14532
1127
4138
14231
11510
4867
2690
3062
13839
9273
6007
14356
3118
9779
8467
6169
5934
10816
2764
1726
5014
2528
3302
2524
14540
3269
563
11823
6667
7674
471
8420
6599
8236
14622
7852
3181
8808
13835
7861
2240
10971
7877
12886
14230
14087
5299
6025
6388
9077
6024
7811
3129
4971
7444
14129
4417
13878
14388
535
7339
1203
5773
5210
851
156
1809
5055
7749
3604
3603
14452
3968
8705
14935
11527
2833
3126
12778
7545
862
1714
6541
5059
4918
8456
7887
11713
14908
10741
10784
4022
10951
2848
13517
6197
2837
12598
7750
8559
5686
8286
8274
10794
2019
258
14156
12577
14030
6943
501
5321
13509
14471
2847
10499
6641
14123
14469
7712
7286
10314
3585
5224
5492
5401
11211
5588
4717
14153
520
9771
14515
3161
4996
10573
13381
13618
12321
2089
338
11364
9645
15035
3813
9618
12672
12058
6405
8
4012
11212
11311
1927
10793
12095
14241
3485
12120
14579
222
2035
10456
10581
161
5615
3702
1095
12297
9260
1015
10306
7554
6483
13561
340
10444
12964
5006
3922
5650
11868
6998
14106
8221
3357
8104
10315
11748
14086
13154
12808
10559
3565
3564
10366
716
13225
3417
14450
3793
10177
8648
7684
13875
7023
441
11749
5777
13171
5700
13172
12263
11990
8278
6646
12115
9722
2603
5753
3451
13362
14423
11485
10062
1384
2768
4816
3958
12082
7101
4942
6547
2364
8653
11313
10989
7035
11923
8854
13508
13015
11731
12320
4291
1357
4264
13467
5656
2571
3939
3925
13247
1014
12514
10463
1266
1321
6191
7745
665
4052
12114
8957
12267
7709
11656
5379
8867
14180
12515
14950
3940
1291
13982
3489
8398
1639
8950
2871
9301
10567
13852
8281
558
14859
13361
11201
14196
4318
564
5624
13300
9171
14629
8284
12610
8277
4421
10493
4950
11419
12593
13533
8020
7287
6915
7267
8167
6473
13200
9129
5144
1244
874
2892
5346
8619
4078
6051
4953
2202
10479
13750
11766
6650
3300
12524
9307
6482
13270
10492
4425
12113
10143
6644
14569
10990
7205
3220
3718
9311
268
6165
7703
13724
13882
10353
8772
3313
13815
4011
12999
4179
13286
10280
8940
12907
11838
3474
3693
326
7239
2846
3195
11038
5785
2369
1257
141
14100
3356
5651
13755
5153
13624
9202
10341
1151
9829
5620
4404
14192
6089
2890
6813
9277
5561
2914
10468
737
8675
1869
7446
8292
13579
12513
3250
1916
2687
6371
5493
11380
11208
12069
7522
9278
10067
10856
5417
5510
5118
10431
3183
9931
7627
11867
12392
6648
9235
2901
6959
494
13685
3667
14291
8144
9106
6301
3249
1708
11113
3247
1085
12117
932
4839
14012
3125
8250
9789
11670
13944
11791
2615
5472
13019
11964
14449
9265
3412
14765
3952
5614
7542
8229
11110
9415
15045
374
1371
5049
10259
2566
5300
9209
2090
3711
11612
13726
2624
9788
8634
9443
7874
3584
10876
7664
10376
14828
1470
4840
1593
7702
11681
5800
1698
3411
11957
7448
3368
1399
11030
2225
8654
10134
11774
421
2563
1448
1003
4474
8774
4843
5704
3257
5482
11091
8649
304
6947
3602
3251
13018
910
12137
5916
10896
5155
12676
13859
7136
2959
5706
2213
436
11479
8591
14982
7006
12219
11122
9608
6988
6944
7714
12108
10202
12529
14984
7490
5221
2165
1406
3255
7400
283
4038
116
13255
15074
9540
14042
4241
2184
4265
1120
8113
11123
422
3109
5623
9685
10727
8964
10009
12986
11132
9396
3633
3612
5946
13056
2850
8977
1895
10514
3559
9046
4476
3780
983
3297
3571
13296
5173
7595
4064
14985
14571
14489
9536
2961
8656
7599
14929
10379
4300
10438
5584
11858
4797
294
2771
14501
7910
9539
10457
13743
6305
5572
10114
11383
1656
3913
14741
3171
8801
2153
13074
5824
8114
14508
7223
9192
13377
9530
2347
15052
8958
4290
7451
8396
5018
9371
10388
2583
7632
427
3774
11916
2185
4274
3121
2181
6779
1789
10880
7809
7537
9080
8939
3764
6352
1852
11915
9258
5217
9708
6166
5659
14742
9376
2223
2220
12382
14461
14178
7404
14491
11785
488
7546
1101
7943
1171
13168
5154
15070
14503
4981
13654
3742
10897
15104
11886
2214
9784
8799
11816
14303
9421
13198
12616
8864
8863
8865
9999
5352
11177
5862
4059
9899
9334
9480
8102
3256
13563
7705
8622
4826
14837
10350
7810
6343
11187
5158
8828
9390
1628
6504
14764
13166
6315
9456
7432
6225
7000
4208
2662
305
7431
3784
4257
2806
13850
9477
7414
2098
10843
3409
7408
5841
9732
5479
1103
7757
12568
7262
7892
9419
10891
4169
14093
10932
9844
14995
2966
237
7045
4242
13068
8756
7920
11290
7137
8550
8914
10827
12547
6512
8984
2584
8109
4253
8403
12627
4782
14610
10689
5570
2453
1761
7893
1569
14923
9231
13183
10808
1092
8008
3424
10537
512
3122
4798
10389
1143
10866
4718
7032
11260
5593
7820
3733
12218
13372
13075
6806
13940
3979
4754
1017
9262
4483
13320
5864
14221
2862
10173
13522
1106
8399
12990
6507
11872
11218
6905
6868
11147
14148
7245
12854
9266
10338
8555
13005
10329
1483
11932
9897
9710
2989
4085
2870
13209
10452
13336
13542
8231
7697
10772
50
8841
586
12445
10755
7382
14301
3254
14722
8258
1711
5486
4929
11945
11730
418
7055
14275
9322
4827
3429
3076
909
495
11418
11870
14295
11322
12904
7737
715
9661
12617
11206
10367
10179
13863
7667
2975
12027
10983
10773
11151
14499
7717
11606
6631
5162
7833
11877
15075
120
1395
2055
6062
1338
12498
2973
11979
8780
13020
5092
8909
8849
6851
0
2112
14506
376
10383
4848
10715
2218
9126
2194
12245
2222
3781
366
4094
8587
8346
12860
4788
9448
425
12685
11596
11825
6295
4856
6962
712
5096
9847
13082
4093
6222
13194
5490
2734
13639
4517
11649
4774
5863
7199
15072
11804
4351
14684
5423
3228
4829
506
13865
6800
3027
2562
14177
6552
2054
51
6711
9241
6223
8418
4353
13136
1842
2678
15111
54
12816
9378
5968
493
3984
2965
10374
7227
10917
11377
11326
9950
12254
2449
2452
2147
2679
14979
8908
5365
14103
7746
14186
1121
15092
1640
12571
9796
6810
6818
7465
4789
5062
5842
6816
4803
9688
12341
10893
1202
7204
2565
8734
5558
9449
2174
5592
9370
2169
6848
9662
2681
5703
11435
10171
12251
8193
2549
9693
5652
10889
9389
9682
11844
9660
10865
11488
333
708
12330
11682
6617
2613
707
3422
6303
8007
7108
711
12426
4346
775
11104
10453
9892
10621
3679
10223
6570
4857
14542
1665
10411
7292
13148
1564
10503
9654
2047
3639
10839
8966
10776
5913
5485
10817
4736
6782
4805
3210
3844
9772
6623
8457
3619
9880
3554
8829
3605
9417
9730
7761
1664
9475
3361
2131
14658
6984
8252
2149
2515
8736
13052
2032
12671
2144
13053
10199
8937
1705
12780
3978
3889
498
10058
7197
11477
6164
11930
12250
4058
2560
5030
11293
8985
7886
9460
11365
3352
8223
4180
10995
9597
2450
5586
7150
10763
2135
11409
5251
2592
15001
3923
4380
10847
12252
3655
7399
9232
2052
13039
2183
10634
2757
8386
2400
7519
2799
7550
9242
7440
8216
13181
1327
9364
7409
7428
14276
7700
3642
934
4365
12741
7758
12763
11969
2856
11347
2092
14522
14856
6963
2205
4373
10982
8733
10851
11331
11879
14193
5163
13331
301
15042
13182
9173
4725
8363
13161
2778
7998
13223
13224
1026
13335
9727
5386
5469
11439
6292
6299
12745
8721
7699
11136
5345
3905
10809
10810
7024
13899
8282
7165
14187
7244
14796
5886
10327
13820
84
4159
8620
3167
12328
12522
6647
14090
6127
7266
6543
11863
10185
10462
4301
2943
2936
2075
241
5649
12888
10246
3684
12661
13927
7882
10511
13663
9695
1281
766
2006
11935
2042
11814
2011
13646
13430
7977
5698
4486
37
10434
8843
13768
2238
4034
4944
2504
9309
8878
8264
9216
13288
11400
14105
1827
2507
4732
5329
10224
9140
14573
8625
14747
8484
14089
9993
395
8907
5213
12
12508
11232
7739
11474
2025
14521
7454
9738
5537
5056
9649
1695
6668
6115
571
13504
13528
12694
277
11343
12559
13668
2868
12102
7226
2532
11233
3092
3022
9735
11107
14694
1188
10952
10589
14746
14335
5020
11192
8602
2976
13281
5447
612
4705
4679
12972
11456
14819
5890
5575
11167
11511
637
5832
9414
2021
12840
8884
9613
608
570
2044
4051
12005
9728
574
11039
14509
1293
11531
11909
9676
12476
9576
10044
12795
8447
9818
13490
14767
847
5416
927
1064
9574
12169
3024
5421
856
12939
13515
8424
13573
13891
13892
11103
5495
12765
13808
8401
14027
12076
9447
14304
3433
1730
13798
5589
13374
5860
12273
3560
11882
12891
445
8640
11822
4858
8663
8635
8540
2139
14400
11832
8245
7719
13590
964
9115
6314
3386
13765
8461
5696
484
12969
1989
5759
105
12587
13196
8361
14531
12654
1147
5383
14724
4072
457
9718
13506
9901
3716
6390
6391
3520
6852
2472
9037
14951
1855
3157
348
4065
15039
7087
1734
10086
9879
3941
14692
13706
8310
2517
2693
6602
8485
13211
9781
8673
7288
3342
2053
2884
14752
3578
8260
9675
13498
7508
5470
14003
9161
12653
7095
8142
12863
9233
1118
5745
1515
1157
4713
12792
14256
3341
5198
2836
5019
3757
14136
13122
3779
463
7503
8368
11491
6341
11906
6351
14880
6701
13128
12189
11834
14613
3517
12123
12993
13942
3735
3508
6811
1812
12687
12138
624
8415
786
6124
14676
4913
13855
3346
11420
8794
3032
10271
2201
1887
11698
3617
2838
8583
7551
1290
1062
13444
8997
5060
5583
11723
13316
3410
11884
4695
14183
11093
14074
13861
12491
2178
9050
14496
4716
2303
2546
1063
5451
3482
14830
5982
4364
13698
5464
10292
13589
9852
13493
10272
12942
1080
2077
14257
5830
11697
3728
11263
879
11303
149
8788
12510
8452
8192
3472
13763
3773
1558
9178
15102
6269
4125
12077
14530
9305
377
6695
11257
187
12079
7560
5448
7552
13999
651
4712
11801
4466
1701
9367
6658
9648
12119
6900
9175
8017
602
5214
5215
3051
2012
6023
9620
5754
2547
10225
7241
3819
2986
2857
10443
4061
2963
1280
3616
9835
13537
6394
6392
3221
8448
3531
5225
5473
12109
2883
11265
4014
5382
15016
11359
14468
2410
13558
14113
12588
7619
653
2611
3638
4068
9324
11505
6088
6404
9981
7472
9380
9670
3533
8866
14039
5491
12190
4709
11986
278
15020
13386
10844
926
14749
1838
12478
2195
1587
3960
11779
14463
10717
12504
6575
8805
13013
5598
8803
6367
9214
3547
5993
10082
12026
9237
3758
5936
677
2906
5021
8527
13371
5736
7625
4366
3272
3176
2124
11911
4013
8976
4409
5499
5812
10243
3143
12062
4892
14041
12193
13390
3759
10270
9605
3268
3760
3867
9125
6147
8747
3028
6077
11374
10819
4962
11183
8831
13948
385
12938
1312
429
2697
8291
1485
14682
10043
3075
151
6660
11130
2945
13943
14570
9429
1973
7846
8691
886
6188
13582
5947
9482
13673
4766
6794
13417
2898
8287
13690
9259
1078
5995
759
9967
10083
2230
3826
13357
13465
9397
3988
10454
13740
1892
9917
8364
6607
8445
13038
13480
14427
6422
3607
5094
7603
6812
2601
4791
8874
6190
5861
4785
9745
5501
11999
6809
5487
12788
6979
14806
10283
2897
8873
11848
2102
14399
15051
7642
11714
14
2211
6234
10515
9039
14376
2117
11752
4433
8739
13170
3637
14387
11124
8495
10760
5788
2776
5559
1959
13129
8994
11154
4761
6258
6257
7280
9156
4329
7909
4434
10469
13054
2695
2692
5029
7593
7147
2182
6256
2718
10624
11802
4531
7314
4045
5023
12592
13226
10606
8661
8715
1512
11782
5484
610
14184
13057
11391
10833
4178
614
5161
13249
9425
11465
6056
1394
8872
7578
4703
3770
9436
11229
3597
14407
12607
4244
2635
13337
14189
8483
12379
14899
14255
515
8921
2145
13064
2723
10112
3579
7334
14043
7453
7644
14986
6822
4284
7924
9918
10392
10368
2207
8720
2016
4414
10667
15054
8575
7412
7935
6692
11784
4266
9656
7240
7463
3778
15057
2860
3762
9729
3072
11436
13167
3845
10758
4176
2022
243
7378
5516
6781
2682
7996
2772
9135
14147
13175
14171
11842
5257
10099
11213
7594
1744
13378
10842
13120
12691
8025
10531
4727
11133
5669
7713
8919
12746
5850
4383
6412
13539
9841
1271
7541
6966
11126
7151
4408
12259
10700
11861
14292
1410
2602
9518
12451
9759
10587
14146
9270
7540
9984
4071
10248
726
6523
11939
15000
10157
8806
4289
14516
10915
234
7779
7768
3392
6890
2733
7819
8807
7657
11850
2751
11276
10305
6443
1740
10740
14179
7875
10060
3019
13055
7843
12569
7072
10950
4050
8632
1666
13349
13243
8579
9321
7047
7738
1716
12614
13353
8546
3966
13356
4212
4686
6770
13492
9655
12260
7851
6350
6776
4722
4914
232
11153
15025
4751
8586
13366
9461
8148
4292
1881
2805
8339
11325
12958
15047
10762
11453
11675
122
1158
13845
1381
11972
13050
12308
5033
10228
13250
4285
6949
7823
4739
8995
5025
2714
3036
7294
10749
12248
5160
2215
71
1896
13923
13164
3353
12383
11120
59
2200
12435
5660
5481
5568
1630
11198
12057
13306
4018
13184
6500
3408
14829
2204
6916
2049
11900
14083
14755
14922
14201
5816
4527
10399
5517
13278
3712
14989
13458
14181
3354
7009
6655
2122
7443
2683
11810
13521
9768
11375
335
3977
13072
3293
5328
8585
13071
4748
6789
9299
8728
11169
2694
5327
1170
9989
9409
3663
7437
6050
4779
11998
10903
2770
6586
8003
7952
8161
10084
11457
5551
562
7590
1033
13364
9689
4940
8376
6828
5795
13254
13210
13023
13145
7078
5680
7663
211
11336
1328
12103
9013
11849
3186
13073
5212
13328
11112
787
2489
1717
2968
12980
10923
4529
7735
6524
4249
569
1442
2177
10610
7725
13126
12460
5419
10170
4287
3959
4759
8956
12585
9476
4513
2621
13291
9290
14620
11835
5581
10901
6581
2315
12350
10337
9300
357
8311
3071
4019
4077
4411
3613
2197
14696
9946
8107
13006
9797
1081
994
129
2523
9809
4819
2983
1289
7671
74
4084
10713
11792
10738
14422
13832
8476
1183
7405
12689
11793
5637
1702
3252
12570
5653
238
12952
14953
9711
3942
8208
6116
9767
1925
14825
4415
7460
9886
3950
10203
2620
6940
9795
2767
5515
3726
14505
1437
4691
4124
8674
8441
9696
12421
12110
155
885
6914
5957
8584
11338
2564
2048
2639
11238
14657
14404
13735
1104
6780
426
3388
10959
14149
1749
6506
5690
13512
7315
12139
10848
9731
11624
7992
6961
8273
4771
4412
3924
7872
10863
11846
7736
10298
3273
7536
5174
3305
9134
13112
12520
1882
7752
5183
12680
8466
10619
8513
10752
13160
13370
11632
2955
6492
552
8352
12755
11750
11476
5657
13787
3447
5562
11887
9848
1651
10445
1843
4382
1956
14168
5587
13617
5140
1404
3042
2209
11933
4119
242
9312
3640
11847
13645
12905
8328
4317
3745
11468
12354
12724
11669
9201
2357
2227
9840
7753
13538
8544
2567
14677
14668
1160
11461
9849
13540
14934
12406
7771
4367
4399
13358
15023
13251
1220
14655
4108
4723
2608
2241
5446
6815
4802
6831
13555
13268
670
755
12162
5432
14299
12852
14858
13396
12436
11639
11811
4787
179
9541
11073
5253
11095
3926
353
13925
3128
7228
13215
118
3233
6564
12156
12836
8627
12562
9991
13717
6772
4692
7096
2074
14085
9060
2231
5287
6799
4772
14725
11482
7715
7782
10274
15062
8335
14405
3567
9828
2865
9465
497
10910
10702
6913
3930
9523
14526
11372
3393
5127
8217
4947
9952
3087
6797
4770
2078
9438
9774
9441
9786
387
13572
668
12484
13048
5196
12537
4741
613
3542
8980
14374
8494
4097
4534
10524
12812
4273
7911
10025
8421
2777
14380
7124
4444
14942
14906
2732
10980
10538
13359
4088
13155
13305
2440
14308
13116
9067
2887
10101
7164
12950
14132
3345
10691
7086
8548
6495
4824
12283
2912
11384
175
3162
7558
2616
2156
83
9391
4820
13531
4738
2861
12479
14096
11874
8651
11328
12334
3938
9203
3576
5344
6214
6310
6037
12477
13511
5722
9315
5564
8922
11170
8385
14173
13479
577
5918
5367
3986
13707
14369
11773
7829
4175
12398
900
11308
14937
10273
7624
12871
3043
8327
11134
12872
4173
2540
12567
942
4522
6871
2962
10985
2835
5595
4035
13157
5418
4339
11069
12134
5376
10442
6346
7834
8298
2026
10265
12331
12794
10495
14520
12751
9570
13228
11775
7748
5139
7890
13510
11934
11197
10930
11458
5387
14866
9267
1335
7759
13434
1498
4369
10935
14009
4310
5681
13958
14428
5428
2885
6105
450
2036
758
3301
1974
8746
4413
8949
8501
620
13879
13143
245
